0.001	-45.510	-41.966
0.002	-46.524	-42.974
0.003	-46.524	-42.974
0.004	-45.510	-42.974
0.005	-45.510	-41.966
0.006	-45.510	-41.966
0.007	-45.510	-42.974
0.008	-45.510	-41.966
0.009	-46.524	-42.974
0.010	-45.510	-41.966
0.011	-45.510	-41.966
0.012	-45.510	-42.974
0.013	-45.510	-42.974
0.014	-45.510	-42.974
0.015	-46.524	-42.974
0.016	-45.510	-42.974
0.017	-45.510	-42.974
0.018	-45.510	-42.974
0.019	-45.510	-41.966
0.020	-45.510	-42.974
0.021	-45.510	-42.974
0.022	-45.510	-42.974
0.023	-45.510	-42.974
0.024	-45.510	-41.966
0.025	-45.510	-42.974
0.026	-45.510	-42.974
0.027	-45.510	-41.966
0.028	-45.510	-41.966
0.029	-45.510	-41.966
0.030	-45.510	-41.966
0.031	-45.510	-42.974
0.032	-45.510	-41.966
0.033	-45.510	-41.966
0.034	-45.510	-42.974
0.035	-45.510	-42.974
0.036	-45.510	-41.966
0.037	-45.510	-42.974
0.038	-45.510	-41.966
0.039	-45.510	-41.966
0.040	-45.510	-42.974
0.041	-44.497	-41.966
0.042	-45.510	-42.974
0.043	-45.510	-41.966
0.044	-45.510	-42.974
0.045	-45.510	-41.966
0.046	-44.497	-42.974
0.047	-44.497	-40.958
0.048	-44.497	-41.966
0.049	-45.510	-42.974
0.050	-45.510	-41.966
0.051	-44.497	-41.966
0.052	-45.510	-42.974
0.053	-46.524	-42.974
0.054	-45.510	-41.966
0.055	-45.510	-41.966
0.056	-45.510	-41.966
0.057	-45.510	-41.966
0.058	-45.510	-43.982
0.059	-45.510	-41.966
0.060	-45.510	-41.966
0.061	-44.497	-41.966
0.062	-45.510	-41.966
0.063	-44.497	-41.966
0.064	-44.497	-41.966
0.065	-44.497	-40.958
0.066	-44.497	-41.966
0.067	-45.510	-41.966
0.068	-44.497	-42.974
0.069	-44.497	-41.966
0.070	-44.497	-41.966
0.071	-45.510	-41.966
0.072	-45.510	-41.966
0.073	-44.497	-41.966
0.074	-45.510	-40.958
0.075	-45.510	-41.966
0.076	-44.497	-41.966
0.077	-44.497	-41.966
0.078	-45.510	-41.966
0.079	-45.510	-41.966
0.080	-44.497	-41.966
0.081	-45.510	-41.966
0.082	-45.510	-41.966
0.083	-45.510	-41.966
0.084	-45.510	-41.966
0.085	-45.510	-41.966
0.086	-44.497	-41.966
0.087	-44.497	-41.966
0.088	-44.497	-41.966
0.089	-45.510	-41.966
0.090	-45.510	-41.966
0.091	-45.510	-41.966
0.092	-45.510	-41.966
0.093	-44.497	-41.966
0.094	-45.510	-41.966
0.095	-44.497	-41.966
0.096	-45.510	-41.966
0.097	-45.510	-40.958
0.098	-45.510	-43.982
0.099	-44.497	-41.966
0.100	-44.497	-41.966
0.101	-45.510	-40.958
0.102	-44.497	-40.958
0.103	-45.510	-41.966
0.104	-44.497	-41.966
0.105	-44.497	-40.958
0.106	-44.497	-41.966
0.107	-44.497	-41.966
0.108	-45.510	-41.966
0.109	-44.497	-40.958
0.110	-44.497	-41.966
0.111	-44.497	-40.958
0.112	-44.497	-41.966
0.113	-44.497	-40.958
0.114	-44.497	-41.966
0.115	-44.497	-41.966
0.116	-44.497	-41.966
0.117	-44.497	-40.958
0.118	-44.497	-42.974
0.119	-44.497	-40.958
0.120	-44.497	-41.966
0.121	-44.497	-41.966
0.122	-44.497	-41.966
0.123	-44.497	-41.966
0.124	-44.497	-41.966
0.125	-44.497	-41.966
0.126	-44.497	-41.966
0.127	-44.497	-41.966
0.128	-43.483	-41.966
0.129	-44.497	-41.966
0.130	-44.497	-41.966
0.131	-44.497	-41.966
0.132	-44.497	-41.966
0.133	-45.510	-40.958
0.134	-44.497	-40.958
0.135	-45.510	-41.966
0.136	-44.497	-40.958
0.137	-44.497	-40.958
0.138	-44.497	-43.982
0.139	-44.497	-41.966
0.140	-44.497	-41.966
0.141	-44.497	-41.966
0.142	-44.497	-41.966
0.143	-44.497	-40.958
0.144	-44.497	-41.966
0.145	-44.497	-40.958
0.146	-44.497	-41.966
0.147	-44.497	-41.966
0.148	-44.497	-41.966
0.149	-44.497	-40.958
0.150	-44.497	-41.966
0.151	-44.497	-41.966
0.152	-44.497	-40.958
0.153	-45.510	-40.958
0.154	-43.483	-41.966
0.155	-44.497	-41.966
0.156	-44.497	-41.966
0.157	-44.497	-41.966
0.158	-44.497	-42.974
0.159	-44.497	-41.966
0.160	-44.497	-41.966
0.161	-44.497	-40.958
0.162	-45.510	-41.966
0.163	-44.497	-40.958
0.164	-44.497	-41.966
0.165	-44.497	-41.966
0.166	-44.497	-41.966
0.167	-43.483	-40.958
0.168	-44.497	-41.966
0.169	-44.497	-41.966
0.170	-44.497	-41.966
0.171	-44.497	-41.966
0.172	-44.497	-41.966
0.173	-44.497	-41.966
0.174	-43.483	-41.966
0.175	-44.497	-40.958
0.176	-43.483	-40.958
0.177	-44.497	-40.958
0.178	-43.483	-42.974
0.179	-44.497	-40.958
0.180	-44.497	-40.958
0.181	-43.483	-40.958
0.182	-44.497	-40.958
0.183	-44.497	-40.958
0.184	-43.483	-41.966
0.185	-44.497	-40.958
0.186	-44.497	-41.966
0.187	-44.497	-41.966
0.188	-44.497	-40.958
0.189	-44.497	-41.966
0.190	-43.483	-40.958
0.191	-43.483	-40.958
0.192	-44.497	-40.958
0.193	-44.497	-40.958
0.194	-43.483	-40.958
0.195	-43.483	-39.950
0.196	-44.497	-40.958
0.197	-44.497	-40.958
0.198	-44.497	-41.966
0.199	-43.483	-40.958
0.200	-44.497	-40.958
0.201	-44.497	-40.958
0.202	-44.497	-40.958
0.203	-44.497	-40.958
0.204	-43.483	-40.958
0.205	-43.483	-40.958
0.206	-43.483	-40.958
0.207	-44.497	-40.958
0.208	-43.483	-40.958
0.209	-43.483	-39.950
0.210	-44.497	-40.958
0.211	-44.497	-39.950
0.212	-44.497	-40.958
0.213	-44.497	-40.958
0.214	-43.483	-40.958
0.215	-44.497	-40.958
0.216	-44.497	-40.958
0.217	-44.497	-40.958
0.218	-43.483	-42.974
0.219	-44.497	-40.958
0.220	-44.497	-40.958
0.221	-43.483	-40.958
0.222	-44.497	-40.958
0.223	-44.497	-40.958
0.224	-44.497	-40.958
0.225	-43.483	-40.958
0.226	-44.497	-40.958
0.227	-44.497	-40.958
0.228	-44.497	-40.958
0.229	-43.483	-41.966
0.230	-44.497	-40.958
0.231	-44.497	-40.958
0.232	-44.497	-40.958
0.233	-44.497	-39.950
0.234	-44.497	-40.958
0.235	-43.483	-40.958
0.236	-44.497	-40.958
0.237	-44.497	-40.958
0.238	-43.483	-40.958
0.239	-43.483	-40.958
0.240	-43.483	-40.958
0.241	-44.497	-40.958
0.242	-44.497	-40.958
0.243	-43.483	-40.958
0.244	-43.483	-40.958
0.245	-44.497	-39.950
0.246	-43.483	-41.966
0.247	-43.483	-40.958
0.248	-43.483	-40.958
0.249	-44.497	-40.958
0.250	-44.497	-40.958
0.251	-43.483	-40.958
0.252	-43.483	-40.958
0.253	-44.497	-40.958
0.254	-43.483	-40.958
0.255	-43.483	-40.958
0.256	-44.497	-41.966
0.257	-43.483	-40.958
0.258	-44.497	-41.966
0.259	-43.483	-40.958
0.260	-42.469	-40.958
0.261	-43.483	-40.958
0.262	-43.483	-40.958
0.263	-43.483	-40.958
0.264	-43.483	-40.958
0.265	-43.483	-39.950
0.266	-44.497	-40.958
0.267	-44.497	-39.950
0.268	-43.483	-40.958
0.269	-44.497	-40.958
0.270	-43.483	-40.958
0.271	-44.497	-39.950
0.272	-44.497	-40.958
0.273	-43.483	-40.958
0.274	-43.483	-40.958
0.275	-44.497	-39.950
0.276	-44.497	-40.958
0.277	-43.483	-40.958
0.278	-44.497	-40.958
0.279	-44.497	-40.958
0.280	-44.497	-39.950
0.281	-43.483	-40.958
0.282	-44.497	-40.958
0.283	-44.497	-39.950
0.284	-43.483	-40.958
0.285	-43.483	-40.958
0.286	-43.483	-39.950
0.287	-44.497	-40.958
0.288	-43.483	-39.950
0.289	-44.497	-40.958
0.290	-44.497	-40.958
0.291	-44.497	-40.958
0.292	-43.483	-41.966
0.293	-43.483	-40.958
0.294	-44.497	-39.950
0.295	-43.483	-40.958
0.296	-44.497	-40.958
0.297	-43.483	-40.958
0.298	-44.497	-40.958
0.299	-43.483	-40.958
0.300	-43.483	-40.958
0.301	-43.483	-41.966
0.302	-43.483	-40.958
0.303	-43.483	-40.958
0.304	-44.497	-40.958
0.305	-43.483	-40.958
0.306	-43.483	-39.950
0.307	-43.483	-40.958
0.308	-42.469	-40.958
0.309	-44.497	-40.958
0.310	-44.497	-40.958
0.311	-44.497	-39.950
0.312	-43.483	-40.958
0.313	-44.497	-40.958
0.314	-43.483	-39.950
0.315	-44.497	-40.958
0.316	-43.483	-40.958
0.317	-44.497	-40.958
0.318	-43.483	-39.950
0.319	-44.497	-40.958
0.320	-44.497	-40.958
0.321	-44.497	-39.950
0.322	-44.497	-40.958
0.323	-44.497	-40.958
0.324	-43.483	-40.958
0.325	-43.483	-39.950
0.326	-44.497	-40.958
0.327	-44.497	-39.950
0.328	-44.497	-41.966
0.329	-44.497	-40.958
0.330	-44.497	-40.958
0.331	-44.497	-39.950
0.332	-44.497	-39.950
0.333	-44.497	-40.958
0.334	-43.483	-39.950
0.335	-44.497	-39.950
0.336	-44.497	-40.958
0.337	-44.497	-40.958
0.338	-44.497	-39.950
0.339	-43.483	-40.958
0.340	-43.483	-40.958
0.341	-44.497	-40.958
0.342	-44.497	-40.958
0.343	-44.497	-40.958
0.344	-44.497	-40.958
0.345	-44.497	-40.958
0.346	-44.497	-40.958
0.347	-43.483	-40.958
0.348	-44.497	-40.958
0.349	-44.497	-40.958
0.350	-44.497	-40.958
0.351	-43.483	-39.950
0.352	-43.483	-40.958
0.353	-44.497	-40.958
0.354	-43.483	-39.950
0.355	-44.497	-39.950
0.356	-43.483	-40.958
0.357	-43.483	-39.950
0.358	-43.483	-40.958
0.359	-43.483	-40.958
0.360	-43.483	-40.958
0.361	-44.497	-40.958
0.362	-44.497	-39.950
0.363	-44.497	-39.950
0.364	-44.497	-39.950
0.365	-43.483	-40.958
0.366	-44.497	-39.950
0.367	-43.483	-40.958
0.368	-44.497	-40.958
0.369	-44.497	-39.950
0.370	-44.497	-39.950
0.371	-43.483	-39.950
0.372	-43.483	-40.958
0.373	-43.483	-39.950
0.374	-43.483	-39.950
0.375	-44.497	-39.950
0.376	-44.497	-40.958
0.377	-43.483	-39.950
0.378	-43.483	-39.950
0.379	-44.497	-39.950
0.380	-44.497	-39.950
0.381	-44.497	-39.950
0.382	-43.483	-40.958
0.383	-43.483	-39.950
0.384	-43.483	-39.950
0.385	-44.497	-40.958
0.386	-44.497	-39.950
0.387	-43.483	-39.950
0.388	-44.497	-40.958
0.389	-44.497	-39.950
0.390	-44.497	-39.950
0.391	-43.483	-40.958
0.392	-44.497	-40.958
0.393	-43.483	-39.950
0.394	-44.497	-39.950
0.395	-44.497	-40.958
0.396	-43.483	-40.958
0.397	-43.483	-39.950
0.398	-44.497	-39.950
0.399	-44.497	-39.950
0.400	-44.497	-39.950
0.401	-44.497	-39.950
0.402	-44.497	-39.950
0.403	-44.497	-39.950
0.404	-44.497	-39.950
0.405	-44.497	-39.950
0.406	-44.497	-39.950
0.407	-44.497	-39.950
0.408	-43.483	-40.958
0.409	-44.497	-40.958
0.410	-43.483	-39.950
0.411	-43.483	-39.950
0.412	-44.497	-40.958
0.413	-44.497	-38.942
0.414	-43.483	-39.950
0.415	-43.483	-39.950
0.416	-44.497	-40.958
0.417	-43.483	-39.950
0.418	-44.497	-40.958
0.419	-44.497	-39.950
0.420	-44.497	-39.950
0.421	-44.497	-39.950
0.422	-44.497	-40.958
0.423	-44.497	-39.950
0.424	-43.483	-40.958
0.425	-44.497	-39.950
0.426	-44.497	-40.958
0.427	-43.483	-39.950
0.428	-44.497	-39.950
0.429	-44.497	-39.950
0.430	-44.497	-40.958
0.431	-44.497	-39.950
0.432	-44.497	-40.958
0.433	-44.497	-40.958
0.434	-44.497	-40.958
0.435	-44.497	-40.958
0.436	-44.497	-40.958
0.437	-43.483	-40.958
0.438	-43.483	-40.958
0.439	-44.497	-40.958
0.440	-44.497	-40.958
0.441	-44.497	-40.958
0.442	-44.497	-39.950
0.443	-44.497	-40.958
0.444	-44.497	-39.950
0.445	-44.497	-40.958
0.446	-44.497	-40.958
0.447	-44.497	-39.950
0.448	-44.497	-40.958
0.449	-44.497	-40.958
0.450	-44.497	-40.958
0.451	-44.497	-39.950
0.452	-44.497	-39.950
0.453	-44.497	-39.950
0.454	-44.497	-39.950
0.455	-44.497	-40.958
0.456	-44.497	-38.942
0.457	-44.497	-40.958
0.458	-44.497	-40.958
0.459	-44.497	-40.958
0.460	-44.497	-40.958
0.461	-44.497	-39.950
0.462	-44.497	-40.958
0.463	-44.497	-39.950
0.464	-44.497	-39.950
0.465	-44.497	-40.958
0.466	-44.497	-39.950
0.467	-44.497	-40.958
0.468	-43.483	-39.950
0.469	-44.497	-40.958
0.470	-44.497	-39.950
0.471	-44.497	-40.958
0.472	-44.497	-39.950
0.473	-44.497	-39.950
0.474	-43.483	-40.958
0.475	-44.497	-40.958
0.476	-44.497	-40.958
0.477	-44.497	-39.950
0.478	-44.497	-39.950
0.479	-43.483	-40.958
0.480	-44.497	-39.950
0.481	-44.497	-40.958
0.482	-44.497	-40.958
0.483	-44.497	-40.958
0.484	-44.497	-39.950
0.485	-44.497	-40.958
0.486	-43.483	-39.950
0.487	-44.497	-40.958
0.488	-44.497	-39.950
0.489	-44.497	-40.958
0.490	-44.497	-39.950
0.491	-44.497	-40.958
0.492	-44.497	-40.958
0.493	-44.497	-39.950
0.494	-44.497	-40.958
0.495	-44.497	-40.958
0.496	-44.497	-38.942
0.497	-44.497	-40.958
0.498	-44.497	-40.958
0.499	-44.497	-39.950
0.500	-44.497	-39.950
0.501	-44.497	-39.950
0.502	-44.497	-39.950
0.503	-44.497	-39.950
0.504	-44.497	-39.950
0.505	-44.497	-39.950
0.506	-44.497	-39.950
0.507	-44.497	-40.958
0.508	-44.497	-39.950
0.509	-44.497	-40.958
0.510	-44.497	-39.950
0.511	-44.497	-39.950
0.512	-44.497	-40.958
0.513	-44.497	-39.950
0.514	-44.497	-39.950
0.515	-44.497	-39.950
0.516	-44.497	-39.950
0.517	-44.497	-39.950
0.518	-44.497	-39.950
0.519	-44.497	-40.958
0.520	-44.497	-39.950
0.521	-44.497	-42.974
0.522	-44.497	-40.958
0.523	-44.497	-39.950
0.524	-44.497	-39.950
0.525	-44.497	-39.950
0.526	-44.497	-40.958
0.527	-44.497	-39.950
0.528	-44.497	-40.958
0.529	-44.497	-40.958
0.530	-44.497	-39.950
0.531	-44.497	-40.958
0.532	-44.497	-39.950
0.533	-44.497	-39.950
0.534	-44.497	-39.950
0.535	-44.497	-40.958
0.536	-44.497	-39.950
0.537	-44.497	-39.950
0.538	-44.497	-39.950
0.539	-44.497	-39.950
0.540	-44.497	-39.950
0.541	-44.497	-39.950
0.542	-44.497	-40.958
0.543	-44.497	-40.958
0.544	-44.497	-39.950
0.545	-44.497	-39.950
0.546	-43.483	-39.950
0.547	-44.497	-40.958
0.548	-44.497	-39.950
0.549	-44.497	-39.950
0.550	-44.497	-38.942
0.551	-44.497	-39.950
0.552	-44.497	-39.950
0.553	-44.497	-39.950
0.554	-44.497	-40.958
0.555	-44.497	-39.950
0.556	-44.497	-40.958
0.557	-44.497	-39.950
0.558	-44.497	-40.958
0.559	-44.497	-39.950
0.560	-44.497	-39.950
0.561	-44.497	-41.966
0.562	-44.497	-39.950
0.563	-44.497	-40.958
0.564	-44.497	-40.958
0.565	-44.497	-40.958
0.566	-44.497	-39.950
0.567	-44.497	-40.958
0.568	-43.483	-39.950
0.569	-44.497	-40.958
0.570	-44.497	-39.950
0.571	-43.483	-40.958
0.572	-44.497	-39.950
0.573	-44.497	-40.958
0.574	-44.497	-39.950
0.575	-44.497	-40.958
0.576	-44.497	-39.950
0.577	-44.497	-39.950
0.578	-44.497	-40.958
0.579	-44.497	-40.958
0.580	-44.497	-39.950
0.581	-44.497	-40.958
0.582	-44.497	-40.958
0.583	-43.483	-40.958
0.584	-44.497	-39.950
0.585	-44.497	-40.958
0.586	-44.497	-40.958
0.587	-44.497	-40.958
0.588	-44.497	-39.950
0.589	-44.497	-40.958
0.590	-44.497	-39.950
0.591	-44.497	-40.958
0.592	-44.497	-40.958
0.593	-44.497	-39.950
0.594	-44.497	-39.950
0.595	-44.497	-39.950
0.596	-44.497	-39.950
0.597	-44.497	-39.950
0.598	-44.497	-39.950
0.599	-44.497	-39.950
0.600	-44.497	-40.958
0.601	-44.497	-40.958
0.602	-44.497	-40.958
0.603	-44.497	-39.950
0.604	-43.483	-39.950
0.605	-44.497	-39.950
0.606	-44.497	-39.950
0.607	-44.497	-39.950
0.608	-44.497	-39.950
0.609	-44.497	-40.958
0.610	-44.497	-39.950
0.611	-44.497	-39.950
0.612	-44.497	-39.950
0.613	-43.483	-39.950
0.614	-44.497	-39.950
0.615	-44.497	-39.950
0.616	-44.497	-39.950
0.617	-44.497	-40.958
0.618	-44.497	-40.958
0.619	-44.497	-39.950
0.620	-44.497	-40.958
0.621	-44.497	-39.950
0.622	-44.497	-40.958
0.623	-44.497	-39.950
0.624	-44.497	-40.958
0.625	-45.510	-39.950
0.626	-44.497	-40.958
0.627	-44.497	-39.950
0.628	-44.497	-39.950
0.629	-44.497	-39.950
0.630	-44.497	-39.950
0.631	-44.497	-40.958
0.632	-44.497	-40.958
0.633	-44.497	-40.958
0.634	-44.497	-40.958
0.635	-44.497	-40.958
0.636	-45.510	-39.950
0.637	-44.497	-39.950
0.638	-44.497	-39.950
0.639	-44.497	-38.942
0.640	-44.497	-39.950
0.641	-45.510	-39.950
0.642	-45.510	-41.966
0.643	-44.497	-40.958
0.644	-44.497	-40.958
0.645	-44.497	-40.958
0.646	-44.497	-40.958
0.647	-44.497	-39.950
0.648	-44.497	-39.950
0.649	-44.497	-40.958
0.650	-44.497	-39.950
0.651	-45.510	-40.958
0.652	-44.497	-40.958
0.653	-44.497	-40.958
0.654	-44.497	-40.958
0.655	-44.497	-40.958
0.656	-44.497	-40.958
0.657	-44.497	-39.950
0.658	-44.497	-39.950
0.659	-44.497	-39.950
0.660	-45.510	-40.958
0.661	-44.497	-40.958
0.662	-44.497	-40.958
0.663	-44.497	-40.958
0.664	-44.497	-39.950
0.665	-44.497	-40.958
0.666	-44.497	-40.958
0.667	-44.497	-39.950
0.668	-44.497	-40.958
0.669	-44.497	-38.942
0.670	-44.497	-40.958
0.671	-44.497	-39.950
0.672	-44.497	-40.958
0.673	-44.497	-39.950
0.674	-44.497	-39.950
0.675	-44.497	-40.958
0.676	-44.497	-39.950
0.677	-44.497	-39.950
0.678	-44.497	-40.958
0.679	-44.497	-40.958
0.680	-44.497	-40.958
0.681	-44.497	-40.958
0.682	-44.497	-40.958
0.683	-44.497	-40.958
0.684	-44.497	-40.958
0.685	-44.497	-40.958
0.686	-44.497	-40.958
0.687	-44.497	-40.958
0.688	-44.497	-40.958
0.689	-44.497	-39.950
0.690	-44.497	-40.958
0.691	-44.497	-40.958
0.692	-43.483	-40.958
0.693	-44.497	-40.958
0.694	-44.497	-40.958
0.695	-44.497	-40.958
0.696	-44.497	-40.958
0.697	-44.497	-40.958
0.698	-44.497	-40.958
0.699	-44.497	-39.950
0.700	-44.497	-40.958
0.701	-44.497	-40.958
0.702	-44.497	-40.958
0.703	-44.497	-40.958
0.704	-44.497	-40.958
0.705	-44.497	-40.958
0.706	-44.497	-40.958
0.707	-44.497	-39.950
0.708	-44.497	-40.958
0.709	-44.497	-40.958
0.710	-44.497	-40.958
0.711	-45.510	-40.958
0.712	-44.497	-39.950
0.713	-44.497	-40.958
0.714	-44.497	-40.958
0.715	-44.497	-40.958
0.716	-44.497	-40.958
0.717	-44.497	-40.958
0.718	-44.497	-40.958
0.719	-44.497	-40.958
0.720	-44.497	-40.958
0.721	-44.497	-40.958
0.722	-45.510	-40.958
0.723	-44.497	-40.958
0.724	-44.497	-40.958
0.725	-44.497	-39.950
0.726	-44.497	-40.958
0.727	-44.497	-41.966
0.728	-44.497	-40.958
0.729	-44.497	-40.958
0.730	-45.510	-40.958
0.731	-44.497	-40.958
0.732	-44.497	-40.958
0.733	-44.497	-40.958
0.734	-43.483	-40.958
0.735	-44.497	-40.958
0.736	-44.497	-40.958
0.737	-44.497	-41.966
0.738	-44.497	-40.958
0.739	-43.483	-40.958
0.740	-44.497	-40.958
0.741	-44.497	-40.958
0.742	-44.497	-40.958
0.743	-44.497	-40.958
0.744	-44.497	-40.958
0.745	-44.497	-40.958
0.746	-44.497	-40.958
0.747	-44.497	-41.966
0.748	-44.497	-40.958
0.749	-44.497	-40.958
0.750	-44.497	-40.958
0.751	-45.510	-40.958
0.752	-44.497	-40.958
0.753	-44.497	-40.958
0.754	-44.497	-40.958
0.755	-44.497	-40.958
0.756	-44.497	-40.958
0.757	-44.497	-40.958
0.758	-45.510	-40.958
0.759	-44.497	-40.958
0.760	-44.497	-40.958
0.761	-44.497	-40.958
0.762	-44.497	-40.958
0.763	-44.497	-40.958
0.764	-44.497	-40.958
0.765	-44.497	-40.958
0.766	-44.497	-40.958
0.767	-44.497	-40.958
0.768	-44.497	-40.958
0.769	-44.497	-40.958
0.770	-44.497	-40.958
0.771	-44.497	-40.958
0.772	-44.497	-40.958
0.773	-44.497	-40.958
0.774	-44.497	-40.958
0.775	-44.497	-40.958
0.776	-45.510	-40.958
0.777	-44.497	-40.958
0.778	-44.497	-40.958
0.779	-43.483	-40.958
0.780	-44.497	-40.958
0.781	-44.497	-40.958
0.782	-44.497	-40.958
0.783	-44.497	-40.958
0.784	-44.497	-40.958
0.785	-44.497	-40.958
0.786	-44.497	-40.958
0.787	-44.497	-40.958
0.788	-44.497	-40.958
0.789	-44.497	-40.958
0.790	-44.497	-40.958
0.791	-45.510	-40.958
0.792	-45.510	-40.958
0.793	-44.497	-40.958
0.794	-45.510	-40.958
0.795	-44.497	-40.958
0.796	-44.497	-40.958
0.797	-44.497	-40.958
0.798	-44.497	-40.958
0.799	-44.497	-40.958
0.800	-44.497	-40.958
0.801	-44.497	-40.958
0.802	-44.497	-40.958
0.803	-44.497	-40.958
0.804	-44.497	-40.958
0.805	-45.510	-40.958
0.806	-44.497	-40.958
0.807	-44.497	-40.958
0.808	-45.510	-40.958
0.809	-44.497	-40.958
0.810	-44.497	-40.958
0.811	-44.497	-40.958
0.812	-44.497	-40.958
0.813	-44.497	-40.958
0.814	-44.497	-40.958
0.815	-44.497	-39.950
0.816	-44.497	-40.958
0.817	-44.497	-41.966
0.818	-44.497	-40.958
0.819	-44.497	-40.958
0.820	-44.497	-41.966
0.821	-44.497	-40.958
0.822	-45.510	-40.958
0.823	-45.510	-40.958
0.824	-45.510	-40.958
0.825	-45.510	-40.958
0.826	-44.497	-41.966
0.827	-44.497	-40.958
0.828	-44.497	-40.958
0.829	-44.497	-40.958
0.830	-44.497	-40.958
0.831	-44.497	-40.958
0.832	-44.497	-40.958
0.833	-44.497	-40.958
0.834	-45.510	-40.958
0.835	-44.497	-41.966
0.836	-44.497	-40.958
0.837	-45.510	-40.958
0.838	-45.510	-40.958
0.839	-45.510	-40.958
0.840	-44.497	-40.958
0.841	-45.510	-40.958
0.842	-44.497	-40.958
0.843	-45.510	-40.958
0.844	-44.497	-41.966
0.845	-44.497	-40.958
0.846	-45.510	-40.958
0.847	-44.497	-40.958
0.848	-45.510	-40.958
0.849	-44.497	-40.958
0.850	-44.497	-41.966
0.851	-45.510	-40.958
0.852	-44.497	-40.958
0.853	-44.497	-40.958
0.854	-45.510	-40.958
0.855	-45.510	-41.966
0.856	-45.510	-40.958
0.857	-45.510	-40.958
0.858	-45.510	-40.958
0.859	-44.497	-40.958
0.860	-45.510	-40.958
0.861	-45.510	-41.966
0.862	-45.510	-42.974
0.863	-44.497	-40.958
0.864	-45.510	-40.958
0.865	-45.510	-40.958
0.866	-44.497	-41.966
0.867	-45.510	-40.958
0.868	-45.510	-40.958
0.869	-44.497	-40.958
0.870	-45.510	-40.958
0.871	-45.510	-42.974
0.872	-45.510	-40.958
0.873	-45.510	-40.958
0.874	-45.510	-40.958
0.875	-44.497	-40.958
0.876	-44.497	-40.958
0.877	-45.510	-41.966
0.878	-44.497	-41.966
0.879	-45.510	-40.958
0.880	-45.510	-42.974
0.881	-45.510	-40.958
0.882	-44.497	-40.958
0.883	-45.510	-40.958
0.884	-45.510	-40.958
0.885	-44.497	-40.958
0.886	-44.497	-41.966
0.887	-45.510	-41.966
0.888	-45.510	-40.958
0.889	-45.510	-42.974
0.890	-45.510	-41.966
0.891	-45.510	-40.958
0.892	-45.510	-41.966
0.893	-44.497	-40.958
0.894	-45.510	-40.958
0.895	-45.510	-40.958
0.896	-45.510	-41.966
0.897	-45.510	-40.958
0.898	-44.497	-40.958
0.899	-44.497	-40.958
0.900	-44.497	-40.958
0.901	-44.497	-40.958
0.902	-45.510	-40.958
0.903	-45.510	-41.966
0.904	-45.510	-40.958
0.905	-45.510	-40.958
0.906	-44.497	-41.966
0.907	-45.510	-42.974
0.908	-45.510	-40.958
0.909	-45.510	-41.966
0.910	-45.510	-40.958
0.911	-45.510	-40.958
0.912	-45.510	-40.958
0.913	-45.510	-40.958
0.914	-45.510	-40.958
0.915	-45.510	-40.958
0.916	-45.510	-41.966
0.917	-45.510	-40.958
0.918	-45.510	-40.958
0.919	-45.510	-40.958
0.920	-44.497	-41.966
0.921	-45.510	-40.958
0.922	-45.510	-40.958
0.923	-44.497	-40.958
0.924	-45.510	-40.958
0.925	-45.510	-41.966
0.926	-45.510	-41.966
0.927	-45.510	-40.958
0.928	-45.510	-40.958
0.929	-45.510	-40.958
0.930	-45.510	-40.958
0.931	-45.510	-40.958
0.932	-45.510	-40.958
0.933	-45.510	-40.958
0.934	-45.510	-40.958
0.935	-44.497	-40.958
0.936	-45.510	-40.958
0.937	-45.510	-40.958
0.938	-45.510	-40.958
0.939	-45.510	-40.958
0.940	-45.510	-41.966
0.941	-45.510	-41.966
0.942	-45.510	-40.958
0.943	-45.510	-40.958
0.944	-45.510	-40.958
0.945	-45.510	-40.958
0.946	-45.510	-40.958
0.947	-45.510	-40.958
0.948	-45.510	-40.958
0.949	-45.510	-41.966
0.950	-45.510	-40.958
0.951	-45.510	-41.966
0.952	-45.510	-40.958
0.953	-45.510	-42.974
0.954	-45.510	-40.958
0.955	-44.497	-40.958
0.956	-45.510	-40.958
0.957	-45.510	-40.958
0.958	-45.510	-40.958
0.959	-45.510	-40.958
0.960	-45.510	-40.958
0.961	-45.510	-40.958
0.962	-45.510	-40.958
0.963	-45.510	-42.974
0.964	-45.510	-41.966
0.965	-45.510	-41.966
0.966	-45.510	-40.958
0.967	-45.510	-40.958
0.968	-45.510	-40.958
0.969	-45.510	-40.958
0.970	-45.510	-40.958
0.971	-45.510	-40.958
0.972	-45.510	-40.958
0.973	-45.510	-41.966
0.974	-45.510	-41.966
0.975	-45.510	-40.958
0.976	-45.510	-40.958
0.977	-45.510	-40.958
0.978	-45.510	-40.958
0.979	-45.510	-41.966
0.980	-45.510	-41.966
0.981	-45.510	-39.950
0.982	-45.510	-41.966
0.983	-45.510	-40.958
0.984	-45.510	-40.958
0.985	-45.510	-40.958
0.986	-45.510	-40.958
0.987	-45.510	-41.966
0.988	-45.510	-40.958
0.989	-45.510	-40.958
0.990	-45.510	-40.958
0.991	-45.510	-41.966
0.992	-45.510	-40.958
0.993	-45.510	-40.958
0.994	-45.510	-41.966
0.995	-44.497	-41.966
0.996	-45.510	-40.958
0.997	-45.510	-40.958
0.998	-45.510	-40.958
0.999	-45.510	-40.958
1.000	-45.510	-41.966
1.001	-46.524	-41.966
1.002	-45.510	-41.966
1.003	-45.510	-41.966
1.004	-45.510	-41.966
1.005	-45.510	-41.966
1.006	-45.510	-41.966
1.007	-45.510	-40.958
1.008	-45.510	-40.958
1.009	-45.510	-40.958
1.010	-45.510	-41.966
1.011	-45.510	-41.966
1.012	-45.510	-41.966
1.013	-45.510	-40.958
1.014	-45.510	-41.966
1.015	-45.510	-40.958
1.016	-44.497	-43.982
1.017	-45.510	-41.966
1.018	-45.510	-41.966
1.019	-45.510	-40.958
1.020	-45.510	-41.966
1.021	-45.510	-41.966
1.022	-45.510	-41.966
1.023	-45.510	-41.966
1.024	-45.510	-41.966
1.025	-45.510	-40.958
1.026	-44.497	-41.966
1.027	-45.510	-41.966
1.028	-45.510	-42.974
1.029	-45.510	-41.966
1.030	-45.510	-41.966
1.031	-45.510	-41.966
1.032	-45.510	-40.958
1.033	-45.510	-41.966
1.034	-45.510	-41.966
1.035	-46.524	-41.966
1.036	-45.510	-41.966
1.037	-45.510	-41.966
1.038	-45.510	-40.958
1.039	-45.510	-41.966
1.040	-45.510	-41.966
1.041	-45.510	-41.966
1.042	-45.510	-41.966
1.043	-45.510	-40.958
1.044	-45.510	-41.966
1.045	-45.510	-41.966
1.046	-45.510	-42.974
1.047	-45.510	-40.958
1.048	-45.510	-41.966
1.049	-45.510	-40.958
1.050	-45.510	-41.966
1.051	-45.510	-41.966
1.052	-45.510	-40.958
1.053	-45.510	-41.966
1.054	-46.524	-41.966
1.055	-45.510	-42.974
1.056	-45.510	-41.966
1.057	-45.510	-41.966
1.058	-45.510	-41.966
1.059	-45.510	-41.966
1.060	-45.510	-41.966
1.061	-45.510	-40.958
1.062	-46.524	-41.966
1.063	-45.510	-41.966
1.064	-45.510	-42.974
1.065	-45.510	-41.966
1.066	-46.524	-41.966
1.067	-45.510	-41.966
1.068	-46.524	-41.966
1.069	-44.497	-42.974
1.070	-45.510	-41.966
1.071	-45.510	-42.974
1.072	-45.510	-41.966
1.073	-46.524	-42.974
1.074	-45.510	-39.950
1.075	-45.510	-40.958
1.076	-45.510	-41.966
1.077	-46.524	-41.966
1.078	-45.510	-41.966
1.079	-45.510	-43.982
1.080	-46.524	-41.966
1.081	-45.510	-41.966
1.082	-46.524	-42.974
1.083	-45.510	-41.966
1.084	-45.510	-41.966
1.085	-46.524	-41.966
1.086	-46.524	-40.958
1.087	-45.510	-41.966
1.088	-46.524	-41.966
1.089	-46.524	-41.966
1.090	-45.510	-41.966
1.091	-46.524	-41.966
1.092	-46.524	-40.958
1.093	-46.524	-41.966
1.094	-46.524	-40.958
1.095	-46.524	-41.966
1.096	-46.524	-41.966
1.097	-46.524	-41.966
1.098	-46.524	-41.966
1.099	-46.524	-40.958
1.100	-46.524	-41.966
1.101	-45.510	-41.966
1.102	-46.524	-41.966
1.103	-46.524	-41.966
1.104	-46.524	-41.966
1.105	-45.510	-40.958
1.106	-46.524	-40.958
1.107	-46.524	-40.958
1.108	-46.524	-41.966
1.109	-46.524	-41.966
1.110	-45.510	-41.966
1.111	-46.524	-41.966
1.112	-46.524	-40.958
1.113	-46.524	-41.966
1.114	-46.524	-41.966
1.115	-46.524	-41.966
1.116	-45.510	-41.966
1.117	-46.524	-41.966
1.118	-46.524	-40.958
1.119	-45.510	-41.966
1.120	-46.524	-41.966
1.121	-46.524	-41.966
1.122	-45.510	-40.958
1.123	-45.510	-41.966
1.124	-45.510	-41.966
1.125	-45.510	-41.966
1.126	-45.510	-42.974
1.127	-46.524	-41.966
1.128	-45.510	-41.966
1.129	-45.510	-39.950
1.130	-46.524	-42.974
1.131	-46.524	-41.966
1.132	-45.510	-41.966
1.133	-45.510	-41.966
1.134	-45.510	-41.966
1.135	-45.510	-41.966
1.136	-46.524	-41.966
1.137	-46.524	-41.966
1.138	-45.510	-40.958
1.139	-46.524	-41.966
1.140	-45.510	-41.966
1.141	-46.524	-41.966
1.142	-45.510	-41.966
1.143	-46.524	-42.974
1.144	-46.524	-41.966
1.145	-46.524	-41.966
1.146	-46.524	-41.966
1.147	-45.510	-40.958
1.148	-45.510	-40.958
1.149	-45.510	-41.966
1.150	-46.524	-41.966
1.151	-46.524	-41.966
1.152	-46.524	-41.966
1.153	-46.524	-41.966
1.154	-46.524	-41.966
1.155	-45.510	-41.966
1.156	-46.524	-41.966
1.157	-46.524	-40.958
1.158	-46.524	-41.966
1.159	-46.524	-41.966
1.160	-46.524	-41.966
1.161	-46.524	-41.966
1.162	-46.524	-41.966
1.163	-46.524	-41.966
1.164	-46.524	-41.966
1.165	-46.524	-41.966
1.166	-46.524	-41.966
1.167	-46.524	-40.958
1.168	-46.524	-41.966
1.169	-46.524	-41.966
1.170	-46.524	-42.974
1.171	-46.524	-41.966
1.172	-47.538	-42.974
1.173	-46.524	-41.966
1.174	-46.524	-42.974
1.175	-46.524	-41.966
1.176	-46.524	-42.974
1.177	-46.524	-40.958
1.178	-46.524	-41.966
1.179	-46.524	-41.966
1.180	-46.524	-41.966
1.181	-46.524	-41.966
1.182	-46.524	-41.966
1.183	-46.524	-41.966
1.184	-46.524	-41.966
1.185	-46.524	-41.966
1.186	-45.510	-41.966
1.187	-46.524	-41.966
1.188	-46.524	-41.966
1.189	-46.524	-41.966
1.190	-46.524	-41.966
1.191	-46.524	-41.966
1.192	-46.524	-40.958
1.193	-46.524	-41.966
1.194	-46.524	-41.966
1.195	-46.524	-41.966
1.196	-46.524	-40.958
1.197	-46.524	-42.974
1.198	-46.524	-41.966
1.199	-46.524	-41.966
1.200	-47.538	-42.974
1.201	-46.524	-41.966
1.202	-47.538	-41.966
1.203	-46.524	-42.974
1.204	-46.524	-42.974
1.205	-46.524	-41.966
1.206	-46.524	-41.966
1.207	-46.524	-41.966
1.208	-46.524	-41.966
1.209	-46.524	-41.966
1.210	-47.538	-40.958
1.211	-46.524	-41.966
1.212	-46.524	-41.966
1.213	-46.524	-42.974
1.214	-46.524	-41.966
1.215	-46.524	-40.958
1.216	-46.524	-41.966
1.217	-46.524	-41.966
1.218	-46.524	-41.966
1.219	-46.524	-41.966
1.220	-46.524	-42.974
1.221	-46.524	-41.966
1.222	-47.538	-42.974
1.223	-47.538	-41.966
1.224	-47.538	-42.974
1.225	-47.538	-43.982
1.226	-46.524	-41.966
1.227	-47.538	-42.974
1.228	-45.510	-40.958
1.229	-46.524	-42.974
1.230	-46.524	-41.966
1.231	-46.524	-41.966
1.232	-46.524	-42.974
1.233	-47.538	-42.974
1.234	-46.524	-42.974
1.235	-47.538	-41.966
1.236	-46.524	-41.966
1.237	-46.524	-41.966
1.238	-46.524	-42.974
1.239	-47.538	-42.974
1.240	-47.538	-41.966
1.241	-45.510	-41.966
1.242	-46.524	-41.966
1.243	-46.524	-42.974
1.244	-46.524	-42.974
1.245	-46.524	-43.982
1.246	-46.524	-40.958
1.247	-46.524	-41.966
1.248	-46.524	-41.966
1.249	-46.524	-41.966
1.250	-46.524	-42.974
1.251	-46.524	-42.974
1.252	-47.538	-42.974
1.253	-47.538	-42.974
1.254	-46.524	-42.974
1.255	-46.524	-43.982
1.256	-47.538	-42.974
1.257	-46.524	-42.974
1.258	-46.524	-42.974
1.259	-46.524	-42.974
1.260	-46.524	-41.966
1.261	-46.524	-42.974
1.262	-46.524	-42.974
1.263	-47.538	-42.974
1.264	-46.524	-42.974
1.265	-46.524	-42.974
1.266	-47.538	-42.974
1.267	-46.524	-42.974
1.268	-46.524	-41.966
1.269	-47.538	-42.974
1.270	-46.524	-42.974
1.271	-46.524	-42.974
1.272	-46.524	-42.974
1.273	-46.524	-42.974
1.274	-47.538	-42.974
1.275	-47.538	-43.982
1.276	-47.538	-42.974
1.277	-47.538	-42.974
1.278	-46.524	-42.974
1.279	-47.538	-42.974
1.280	-47.538	-42.974
1.281	-47.538	-42.974
1.282	-47.538	-42.974
1.283	-47.538	-43.982
1.284	-47.538	-42.974
1.285	-47.538	-42.974
1.286	-47.538	-43.982
1.287	-47.538	-42.974
1.288	-47.538	-44.990
1.289	-47.538	-42.974
1.290	-47.538	-42.974
1.291	-46.524	-42.974
1.292	-47.538	-42.974
1.293	-47.538	-42.974
1.294	-46.524	-42.974
1.295	-47.538	-42.974
1.296	-47.538	-42.974
1.297	-47.538	-42.974
1.298	-46.524	-43.982
1.299	-47.538	-42.974
1.300	-46.524	-42.974
1.301	-46.524	-42.974
1.302	-47.538	-43.982
1.303	-47.538	-41.966
1.304	-47.538	-42.974
1.305	-47.538	-42.974
1.306	-46.524	-42.974
1.307	-47.538	-42.974
1.308	-47.538	-43.982
1.309	-46.524	-42.974
1.310	-46.524	-42.974
1.311	-46.524	-43.982
1.312	-47.538	-42.974
1.313	-47.538	-42.974
1.314	-47.538	-42.974
1.315	-47.538	-42.974
1.316	-46.524	-42.974
1.317	-46.524	-42.974
1.318	-47.538	-44.990
1.319	-46.524	-42.974
1.320	-48.551	-42.974
1.321	-46.524	-42.974
1.322	-46.524	-42.974
1.323	-47.538	-42.974
1.324	-46.524	-42.974
1.325	-47.538	-42.974
1.326	-47.538	-42.974
1.327	-47.538	-42.974
1.328	-47.538	-42.974
1.329	-47.538	-43.982
1.330	-46.524	-42.974
1.331	-47.538	-42.974
1.332	-47.538	-42.974
1.333	-46.524	-42.974
1.334	-46.524	-42.974
1.335	-47.538	-42.974
1.336	-47.538	-42.974
1.337	-47.538	-42.974
1.338	-47.538	-43.982
1.339	-47.538	-42.974
1.340	-47.538	-41.966
1.341	-47.538	-42.974
1.342	-47.538	-41.966
1.343	-47.538	-42.974
1.344	-47.538	-42.974
1.345	-47.538	-42.974
1.346	-47.538	-42.974
1.347	-47.538	-42.974
1.348	-47.538	-42.974
1.349	-46.524	-42.974
1.350	-47.538	-42.974
1.351	-47.538	-42.974
1.352	-47.538	-42.974
1.353	-47.538	-42.974
1.354	-47.538	-42.974
1.355	-47.538	-42.974
1.356	-47.538	-42.974
1.357	-47.538	-42.974
1.358	-47.538	-42.974
1.359	-47.538	-42.974
1.360	-47.538	-42.974
1.361	-47.538	-42.974
1.362	-47.538	-42.974
1.363	-46.524	-42.974
1.364	-47.538	-42.974
1.365	-47.538	-42.974
1.366	-47.538	-41.966
1.367	-47.538	-42.974
1.368	-47.538	-42.974
1.369	-47.538	-42.974
1.370	-47.538	-42.974
1.371	-47.538	-43.982
1.372	-47.538	-43.982
1.373	-47.538	-42.974
1.374	-47.538	-42.974
1.375	-47.538	-42.974
1.376	-47.538	-42.974
1.377	-47.538	-43.982
1.378	-47.538	-42.974
1.379	-47.538	-42.974
1.380	-48.551	-42.974
1.381	-47.538	-44.990
1.382	-47.538	-43.982
1.383	-47.538	-42.974
1.384	-47.538	-42.974
1.385	-47.538	-42.974
1.386	-47.538	-42.974
1.387	-47.538	-42.974
1.388	-47.538	-42.974
1.389	-47.538	-42.974
1.390	-47.538	-42.974
1.391	-46.524	-42.974
1.392	-46.524	-42.974
1.393	-46.524	-42.974
1.394	-46.524	-42.974
1.395	-46.524	-42.974
1.396	-47.538	-43.982
1.397	-47.538	-43.982
1.398	-47.538	-43.982
1.399	-47.538	-42.974
1.400	-47.538	-42.974
1.401	-47.538	-43.982
1.402	-46.524	-42.974
1.403	-47.538	-42.974
1.404	-46.524	-42.974
1.405	-47.538	-42.974
1.406	-47.538	-42.974
1.407	-47.538	-42.974
1.408	-47.538	-43.982
1.409	-47.538	-43.982
1.410	-47.538	-42.974
1.411	-47.538	-43.982
1.412	-47.538	-42.974
1.413	-47.538	-42.974
1.414	-46.524	-44.990
1.415	-47.538	-42.974
1.416	-47.538	-42.974
1.417	-47.538	-43.982
1.418	-48.551	-42.974
1.419	-48.551	-42.974
1.420	-48.551	-42.974
1.421	-47.538	-42.974
1.422	-47.538	-43.982
1.423	-47.538	-43.982
1.424	-47.538	-44.990
1.425	-47.538	-43.982
1.426	-47.538	-43.982
1.427	-47.538	-43.982
1.428	-47.538	-43.982
1.429	-48.551	-43.982
1.430	-47.538	-43.982
1.431	-47.538	-43.982
1.432	-48.551	-43.982
1.433	-47.538	-42.974
1.434	-46.524	-43.982
1.435	-48.551	-42.974
1.436	-47.538	-43.982
1.437	-47.538	-42.974
1.438	-47.538	-43.982
1.439	-47.538	-42.974
1.440	-47.538	-43.982
1.441	-47.538	-43.982
1.442	-47.538	-43.982
1.443	-47.538	-42.974
1.444	-47.538	-44.990
1.445	-47.538	-42.974
1.446	-47.538	-42.974
1.447	-47.538	-42.974
1.448	-46.524	-41.966
1.449	-47.538	-40.958
1.450	-47.538	-41.966
1.451	-46.524	-42.974
1.452	-47.538	-42.974
1.453	-47.538	-41.966
1.454	-47.538	-41.966
1.455	-46.524	-41.966
1.456	-47.538	-41.966
1.457	-46.524	-39.950
1.458	-47.538	-40.958
1.459	-46.524	-39.950
1.460	-45.510	-39.950
1.461	-46.524	-40.958
1.462	-46.524	-39.950
1.463	-46.524	-39.950
1.464	-46.524	-38.942
1.465	-46.524	-38.942
1.466	-46.524	-37.934
1.467	-46.524	-37.934
1.468	-47.538	-36.926
1.469	-46.524	-35.918
1.470	-45.510	-35.918
1.471	-46.524	-35.918
1.472	-45.510	-34.909
1.473	-46.524	-34.909
1.474	-46.524	-33.901
1.475	-45.510	-32.893
1.476	-46.524	-32.893
1.477	-45.510	-31.885
1.478	-45.510	-30.877
1.479	-45.510	-29.869
1.480	-45.510	-28.861
1.481	-45.510	-28.861
1.482	-45.510	-27.853
1.483	-45.510	-26.845
1.484	-44.497	-25.837
1.485	-44.497	-24.828
1.486	-44.497	-23.820
1.487	-45.510	-22.812
1.488	-45.510	-20.796
1.489	-44.497	-19.788
1.490	-44.497	-18.780
1.491	-44.497	-16.764
1.492	-44.497	-15.756
1.493	-44.497	-13.739
1.494	-44.497	-12.731
1.495	-44.497	-11.723
1.496	-44.497	-9.707
1.497	-44.497	-8.699
1.498	-44.497	-6.683
1.499	-44.497	-3.658
1.500	-43.483	-2.650
1.501	-43.483	-0.634
1.502	-42.469	3.398
1.503	-43.483	3.398
1.504	-43.483	4.406
1.505	-43.483	7.431
1.506	-42.469	9.447
1.507	-43.483	11.463
1.508	-43.483	13.479
1.509	-42.469	15.496
1.510	-42.469	18.520
1.511	-42.469	19.528
1.512	-42.469	23.560
1.513	-42.469	24.568
1.514	-41.455	27.593
1.515	-41.455	29.609
1.516	-40.442	32.633
1.517	-41.455	32.633
1.518	-41.455	36.666
1.519	-40.442	39.690
1.520	-40.442	40.698
1.521	-40.442	43.722
1.522	-40.442	46.747
1.523	-40.442	48.763
1.524	-40.442	50.779
1.525	-40.442	52.795
1.526	-40.442	55.820
1.527	-39.428	57.836
1.528	-39.428	60.860
1.529	-39.428	62.876
1.530	-38.414	66.909
1.531	-39.428	67.917
1.532	-38.414	70.941
1.533	-38.414	73.965
1.534	-38.414	75.982
1.535	-38.414	77.998
1.536	-37.401	81.022
1.537	-37.401	84.046
1.538	-37.401	87.071
1.539	-37.401	90.095
1.540	-36.387	93.119
1.541	-37.401	95.135
1.542	-37.401	98.160
1.543	-37.401	101.184
1.544	-37.401	104.208
1.545	-36.387	106.225
1.546	-36.387	109.249
1.547	-36.387	111.265
1.548	-36.387	114.289
1.549	-36.387	116.306
1.550	-36.387	118.322
1.551	-36.387	121.346
1.552	-36.387	124.370
1.553	-36.387	127.395
1.554	-35.373	129.411
1.555	-36.387	131.427
1.556	-36.387	133.443
1.557	-35.373	136.468
1.558	-35.373	137.476
1.559	-35.373	140.500
1.560	-34.360	141.508
1.561	-35.373	144.532
1.562	-35.373	146.549
1.563	-35.373	148.565
1.564	-35.373	150.581
1.565	-34.360	154.613
1.566	-35.373	153.605
1.567	-34.360	155.621
1.568	-34.360	157.638
1.569	-35.373	159.654
1.570	-34.360	161.670
1.571	-34.360	162.678
1.572	-34.360	164.694
1.573	-35.373	166.711
1.574	-34.360	167.719
1.575	-34.360	169.735
1.576	-34.360	170.743
1.577	-35.373	172.759
1.578	-35.373	173.767
1.579	-34.360	175.783
1.580	-34.360	176.792
1.581	-35.373	178.808
1.582	-35.373	179.816
1.583	-34.360	181.832
1.584	-35.373	182.840
1.585	-35.373	184.856
1.586	-34.360	184.856
1.587	-34.360	186.873
1.588	-35.373	187.881
1.589	-35.373	189.897
1.590	-35.373	189.897
1.591	-35.373	192.921
1.592	-34.360	192.921
1.593	-35.373	194.937
1.594	-35.373	193.929
1.595	-35.373	196.954
1.596	-35.373	197.962
1.597	-35.373	198.970
1.598	-35.373	199.978
1.599	-34.360	200.986
1.600	-35.373	201.994
1.601	-35.373	203.002
1.602	-35.373	204.010
1.603	-36.387	204.010
1.604	-35.373	206.026
1.605	-36.387	207.035
1.606	-36.387	208.043
1.607	-35.373	209.051
1.608	-36.387	210.059
1.609	-35.373	211.067
1.610	-36.387	212.075
1.611	-36.387	213.083
1.612	-36.387	213.083
1.613	-35.373	214.091
1.614	-35.373	216.107
1.615	-35.373	217.116
1.616	-35.373	217.116
1.617	-35.373	218.124
1.618	-35.373	219.132
1.619	-35.373	220.140
1.620	-35.373	220.140
1.621	-35.373	221.148
1.622	-35.373	222.156
1.623	-35.373	223.164
1.624	-35.373	223.164
1.625	-35.373	223.164
1.626	-34.360	225.180
1.627	-35.373	225.180
1.628	-34.360	225.180
1.629	-35.373	226.188
1.630	-34.360	225.180
1.631	-34.360	227.197
1.632	-34.360	228.205
1.633	-35.373	228.205
1.634	-34.360	228.205
1.635	-34.360	229.213
1.636	-35.373	230.221
1.637	-34.360	230.221
1.638	-33.346	230.221
1.639	-34.360	230.221
1.640	-33.346	231.229
1.641	-34.360	231.229
1.642	-34.360	232.237
1.643	-34.360	232.237
1.644	-33.346	232.237
1.645	-33.346	233.245
1.646	-33.346	234.253
1.647	-33.346	233.245
1.648	-33.346	234.253
1.649	-33.346	234.253
1.650	-32.332	234.253
1.651	-33.346	234.253
1.652	-32.332	235.261
1.653	-32.332	236.269
1.654	-32.332	236.269
1.655	-32.332	236.269
1.656	-31.319	236.269
1.657	-32.332	237.278
1.658	-32.332	237.278
1.659	-31.319	237.278
1.660	-31.319	238.286
1.661	-32.332	238.286
1.662	-31.319	238.286
1.663	-31.319	238.286
1.664	-31.319	238.286
1.665	-31.319	239.294
1.666	-31.319	238.286
1.667	-30.305	239.294
1.668	-30.305	240.302
1.669	-30.305	240.302
1.670	-30.305	240.302
1.671	-31.319	241.310
1.672	-29.291	241.310
1.673	-30.305	241.310
1.674	-30.305	241.310
1.675	-29.291	242.318
1.676	-29.291	240.302
1.677	-29.291	242.318
1.678	-30.305	242.318
1.679	-30.305	242.318
1.680	-30.305	242.318
1.681	-30.305	243.326
1.682	-30.305	243.326
1.683	-30.305	244.334
1.684	-30.305	244.334
1.685	-29.291	245.342
1.686	-30.305	244.334
1.687	-30.305	245.342
1.688	-30.305	245.342
1.689	-30.305	246.350
1.690	-30.305	246.350
1.691	-30.305	246.350
1.692	-30.305	246.350
1.693	-31.319	246.350
1.694	-30.305	247.359
1.695	-30.305	247.359
1.696	-30.305	246.350
1.697	-31.319	248.367
1.698	-30.305	249.375
1.699	-30.305	249.375
1.700	-30.305	249.375
1.701	-31.319	249.375
1.702	-30.305	249.375
1.703	-30.305	250.383
1.704	-30.305	250.383
1.705	-30.305	250.383
1.706	-31.319	250.383
1.707	-31.319	250.383
1.708	-31.319	251.391
1.709	-30.305	251.391
1.710	-30.305	251.391
1.711	-31.319	251.391
1.712	-30.305	252.399
1.713	-30.305	252.399
1.714	-31.319	251.391
1.715	-30.305	252.399
1.716	-30.305	252.399
1.717	-31.319	252.399
1.718	-30.305	253.407
1.719	-30.305	253.407
1.720	-31.319	253.407
1.721	-30.305	253.407
1.722	-30.305	253.407
1.723	-30.305	253.407
1.724	-30.305	253.407
1.725	-29.291	253.407
1.726	-29.291	254.415
1.727	-30.305	253.407
1.728	-30.305	254.415
1.729	-29.291	253.407
1.730	-29.291	254.415
1.731	-29.291	254.415
1.732	-29.291	254.415
1.733	-29.291	254.415
1.734	-29.291	255.423
1.735	-29.291	254.415
1.736	-29.291	255.423
1.737	-28.278	255.423
1.738	-29.291	255.423
1.739	-28.278	254.415
1.740	-29.291	255.423
1.741	-28.278	256.431
1.742	-28.278	256.431
1.743	-28.278	256.431
1.744	-27.264	257.440
1.745	-27.264	256.431
1.746	-28.278	256.431
1.747	-28.278	256.431
1.748	-27.264	257.440
1.749	-26.250	258.448
1.750	-27.264	258.448
1.751	-27.264	257.440
1.752	-26.250	258.448
1.753	-26.250	258.448
1.754	-26.250	258.448
1.755	-27.264	258.448
1.756	-26.250	258.448
1.757	-27.264	258.448
1.758	-26.250	259.456
1.759	-26.250	258.448
1.760	-26.250	259.456
1.761	-26.250	259.456
1.762	-26.250	259.456
1.763	-26.250	259.456
1.764	-26.250	260.464
1.765	-26.250	259.456
1.766	-25.237	259.456
1.767	-26.250	260.464
1.768	-25.237	260.464
1.769	-25.237	259.456
1.770	-25.237	260.464
1.771	-24.223	260.464
1.772	-24.223	260.464
1.773	-25.237	260.464
1.774	-24.223	260.464
1.775	-23.209	260.464
1.776	-24.223	260.464
1.777	-24.223	260.464
1.778	-24.223	260.464
1.779	-23.209	260.464
1.780	-24.223	260.464
1.781	-23.209	260.464
1.782	-23.209	260.464
1.783	-23.209	260.464
1.784	-22.195	260.464
1.785	-22.195	260.464
1.786	-23.209	260.464
1.787	-23.209	260.464
1.788	-23.209	261.472
1.789	-22.195	261.472
1.790	-23.209	260.464
1.791	-22.195	261.472
1.792	-22.195	261.472
1.793	-22.195	261.472
1.794	-21.182	261.472
1.795	-21.182	262.480
1.796	-22.195	262.480
1.797	-22.195	262.480
1.798	-22.195	262.480
1.799	-22.195	262.480
1.800	-22.195	262.480
1.801	-22.195	262.480
1.802	-21.182	262.480
1.803	-21.182	262.480
1.804	-22.195	262.480
1.805	-21.182	263.488
1.806	-22.195	262.480
1.807	-21.182	263.488
1.808	-21.182	263.488
1.809	-21.182	263.488
1.810	-21.182	263.488
1.811	-21.182	264.496
1.812	-21.182	263.488
1.813	-21.182	263.488
1.814	-21.182	263.488
1.815	-21.182	264.496
1.816	-21.182	264.496
1.817	-21.182	266.512
1.818	-21.182	264.496
1.819	-21.182	264.496
1.820	-21.182	264.496
1.821	-21.182	264.496
1.822	-21.182	264.496
1.823	-21.182	264.496
1.824	-21.182	264.496
1.825	-21.182	264.496
1.826	-21.182	264.496
1.827	-21.182	264.496
1.828	-21.182	264.496
1.829	-22.195	264.496
1.830	-21.182	264.496
1.831	-21.182	264.496
1.832	-21.182	263.488
1.833	-21.182	264.496
1.834	-21.182	264.496
1.835	-20.168	264.496
1.836	-20.168	264.496
1.837	-20.168	263.488
1.838	-20.168	264.496
1.839	-21.182	263.488
1.840	-21.182	264.496
1.841	-21.182	262.480
1.842	-21.182	263.488
1.843	-20.168	263.488
1.844	-20.168	263.488
1.845	-20.168	262.480
1.846	-20.168	263.488
1.847	-20.168	263.488
1.848	-20.168	263.488
1.849	-20.168	262.480
1.850	-21.182	263.488
1.851	-20.168	262.480
1.852	-20.168	262.480
1.853	-20.168	262.480
1.854	-20.168	262.480
1.855	-20.168	262.480
1.856	-20.168	262.480
1.857	-20.168	262.480
1.858	-19.154	262.480
1.859	-20.168	261.472
1.860	-19.154	261.472
1.861	-19.154	261.472
1.862	-19.154	261.472
1.863	-19.154	261.472
1.864	-19.154	261.472
1.865	-19.154	261.472
1.866	-19.154	261.472
1.867	-18.141	261.472
1.868	-18.141	260.464
1.869	-18.141	261.472
1.870	-18.141	261.472
1.871	-18.141	261.472
1.872	-18.141	261.472
1.873	-18.141	260.464
1.874	-18.141	260.464
1.875	-18.141	260.464
1.876	-18.141	260.464
1.877	-18.141	260.464
1.878	-17.127	259.456
1.879	-17.127	261.472
1.880	-17.127	260.464
1.881	-18.141	260.464
1.882	-17.127	260.464
1.883	-16.113	260.464
1.884	-17.127	259.456
1.885	-16.113	260.464
1.886	-17.127	260.464
1.887	-16.113	260.464
1.888	-16.113	260.464
1.889	-16.113	259.456
1.890	-16.113	260.464
1.891	-16.113	259.456
1.892	-16.113	259.456
1.893	-15.100	259.456
1.894	-15.100	260.464
1.895	-16.113	259.456
1.896	-15.100	259.456
1.897	-16.113	259.456
1.898	-15.100	259.456
1.899	-15.100	259.456
1.900	-15.100	260.464
1.901	-14.086	259.456
1.902	-15.100	259.456
1.903	-15.100	258.448
1.904	-14.086	260.464
1.905	-14.086	259.456
1.906	-14.086	260.464
1.907	-14.086	259.456
1.908	-14.086	259.456
1.909	-14.086	258.448
1.910	-14.086	258.448
1.911	-13.072	258.448
1.912	-13.072	258.448
1.913	-13.072	259.456
1.914	-13.072	258.448
1.915	-13.072	258.448
1.916	-13.072	258.448
1.917	-12.059	258.448
1.918	-13.072	258.448
1.919	-13.072	258.448
1.920	-12.059	258.448
1.921	-13.072	256.431
1.922	-13.072	258.448
1.923	-12.059	258.448
1.924	-13.072	258.448
1.925	-13.072	258.448
1.926	-13.072	258.448
1.927	-12.059	258.448
1.928	-12.059	258.448
1.929	-12.059	258.448
1.930	-12.059	258.448
1.931	-12.059	258.448
1.932	-12.059	258.448
1.933	-12.059	258.448
1.934	-12.059	258.448
1.935	-12.059	258.448
1.936	-12.059	257.440
1.937	-12.059	258.448
1.938	-12.059	258.448
1.939	-11.045	258.448
1.940	-12.059	258.448
1.941	-12.059	258.448
1.942	-12.059	258.448
1.943	-12.059	258.448
1.944	-12.059	258.448
1.945	-12.059	258.448
1.946	-12.059	258.448
1.947	-12.059	259.456
1.948	-12.059	259.456
1.949	-12.059	259.456
1.950	-12.059	260.464
1.951	-12.059	259.456
1.952	-12.059	259.456
1.953	-12.059	260.464
1.954	-12.059	260.464
1.955	-12.059	260.464
1.956	-12.059	260.464
1.957	-12.059	260.464
1.958	-12.059	260.464
1.959	-12.059	261.472
1.960	-12.059	260.464
1.961	-12.059	260.464
1.962	-12.059	260.464
1.963	-13.072	260.464
1.964	-13.072	261.472
1.965	-12.059	260.464
1.966	-12.059	261.472
1.967	-13.072	261.472
1.968	-13.072	260.464
1.969	-12.059	261.472
1.970	-12.059	260.464
1.971	-13.072	259.456
1.972	-12.059	260.464
1.973	-12.059	260.464
1.974	-13.072	258.448
1.975	-12.059	260.464
1.976	-12.059	260.464
1.977	-12.059	260.464
1.978	-13.072	260.464
1.979	-12.059	260.464
1.980	-13.072	258.448
1.981	-12.059	258.448
1.982	-12.059	258.448
1.983	-12.059	258.448
1.984	-12.059	258.448
1.985	-12.059	258.448
1.986	-12.059	258.448
1.987	-12.059	258.448
1.988	-12.059	257.440
1.989	-12.059	257.440
1.990	-12.059	257.440
1.991	-12.059	256.431
1.992	-12.059	256.431
1.993	-12.059	256.431
1.994	-12.059	256.431
1.995	-12.059	256.431
1.996	-12.059	255.423
1.997	-11.045	256.431
1.998	-12.059	255.423
1.999	-11.045	255.423
2.000	-12.059	256.431
2.001	-11.045	254.415
2.002	-11.045	254.415
2.003	-12.059	255.423
2.004	-11.045	254.415
2.005	-12.059	254.415
2.006	-11.045	254.415
2.007	-12.059	254.415
2.008	-12.059	254.415
2.009	-11.045	255.423
2.010	-11.045	254.415
2.011	-11.045	255.423
2.012	-11.045	256.431
2.013	-10.031	254.415
2.014	-11.045	254.415
2.015	-12.059	254.415
2.016	-11.045	255.423
2.017	-11.045	255.423
2.018	-12.059	255.423
2.019	-11.045	255.423
2.020	-11.045	255.423
2.021	-11.045	255.423
2.022	-12.059	255.423
2.023	-11.045	255.423
2.024	-11.045	255.423
2.025	-11.045	256.431
2.026	-11.045	255.423
2.027	-10.031	255.423
2.028	-11.045	255.423
2.029	-11.045	257.440
2.030	-11.045	255.423
2.031	-11.045	256.431
2.032	-11.045	256.431
2.033	-11.045	256.431
2.034	-12.059	256.431
2.035	-12.059	258.448
2.036	-11.045	256.431
2.037	-12.059	256.431
2.038	-12.059	256.431
2.039	-11.045	256.431
2.040	-11.045	255.423
2.041	-11.045	256.431
2.042	-12.059	256.431
2.043	-11.045	257.440
2.044	-11.045	256.431
2.045	-11.045	256.431
2.046	-11.045	257.440
2.047	-12.059	255.423
2.048	-11.045	257.440
2.049	-11.045	257.440
2.050	-11.045	256.431
2.051	-11.045	256.431
2.052	-10.031	257.440
2.053	-11.045	257.440
2.054	-11.045	257.440
2.055	-11.045	256.431
2.056	-11.045	257.440
2.057	-11.045	256.431
2.058	-11.045	258.448
2.059	-11.045	257.440
2.060	-11.045	256.431
2.061	-10.031	257.440
2.062	-11.045	256.431
2.063	-11.045	256.431
2.064	-11.045	256.431
2.065	-11.045	255.423
2.066	-11.045	256.431
2.067	-11.045	255.423
2.068	-11.045	257.440
2.069	-10.031	255.423
2.070	-11.045	255.423
2.071	-12.059	255.423
2.072	-11.045	255.423
2.073	-11.045	253.407
2.074	-11.045	253.407
2.075	-11.045	254.415
2.076	-11.045	254.415
2.077	-11.045	255.423
2.078	-11.045	254.415
2.079	-11.045	254.415
2.080	-11.045	253.407
2.081	-11.045	252.399
2.082	-11.045	252.399
2.083	-12.059	252.399
2.084	-12.059	251.391
2.085	-11.045	252.399
2.086	-12.059	251.391
2.087	-11.045	251.391
2.088	-11.045	251.391
2.089	-11.045	250.383
2.090	-12.059	250.383
2.091	-12.059	249.375
2.092	-12.059	249.375
2.093	-11.045	249.375
2.094	-11.045	249.375
2.095	-12.059	248.367
2.096	-12.059	248.367
2.097	-12.059	248.367
2.098	-11.045	247.359
2.099	-12.059	247.359
2.100	-12.059	247.359
2.101	-12.059	246.350
2.102	-12.059	246.350
2.103	-12.059	246.350
2.104	-12.059	246.350
2.105	-12.059	246.350
2.106	-12.059	245.342
2.107	-12.059	245.342
2.108	-12.059	244.334
2.109	-12.059	244.334
2.110	-12.059	245.342
2.111	-12.059	246.350
2.112	-12.059	244.334
2.113	-12.059	244.334
2.114	-12.059	243.326
2.115	-12.059	243.326
2.116	-11.045	242.318
2.117	-12.059	243.326
2.118	-12.059	243.326
2.119	-12.059	243.326
2.120	-12.059	242.318
2.121	-12.059	242.318
2.122	-12.059	242.318
2.123	-12.059	242.318
2.124	-12.059	242.318
2.125	-12.059	242.318
2.126	-12.059	240.302
2.127	-12.059	241.310
2.128	-12.059	242.318
2.129	-12.059	242.318
2.130	-12.059	241.310
2.131	-12.059	242.318
2.132	-11.045	241.310
2.133	-11.045	241.310
2.134	-12.059	241.310
2.135	-11.045	241.310
2.136	-11.045	241.310
2.137	-11.045	241.310
2.138	-10.031	240.302
2.139	-10.031	241.310
2.140	-11.045	240.302
2.141	-10.031	239.294
2.142	-10.031	241.310
2.143	-10.031	240.302
2.144	-11.045	240.302
2.145	-10.031	240.302
2.146	-10.031	240.302
2.147	-10.031	240.302
2.148	-10.031	240.302
2.149	-9.018	240.302
2.150	-9.018	238.286
2.151	-10.031	240.302
2.152	-9.018	240.302
2.153	-10.031	240.302
2.154	-10.031	240.302
2.155	-9.018	240.302
2.156	-9.018	240.302
2.157	-8.004	240.302
2.158	-8.004	239.294
2.159	-9.018	237.278
2.160	-9.018	239.294
2.161	-9.018	240.302
2.162	-9.018	240.302
2.163	-9.018	240.302
2.164	-9.018	240.302
2.165	-8.004	240.302
2.166	-8.004	239.294
2.167	-8.004	239.294
2.168	-9.018	240.302
2.169	-8.004	238.286
2.170	-8.004	240.302
2.171	-8.004	240.302
2.172	-8.004	240.302
2.173	-8.004	241.310
2.174	-8.004	240.302
2.175	-8.004	240.302
2.176	-8.004	240.302
2.177	-8.004	240.302
2.178	-8.004	241.310
2.179	-8.004	241.310
2.180	-8.004	241.310
2.181	-8.004	241.310
2.182	-8.004	241.310
2.183	-8.004	241.310
2.184	-8.004	241.310
2.185	-8.004	241.310
2.186	-8.004	241.310
2.187	-8.004	241.310
2.188	-8.004	242.318
2.189	-8.004	242.318
2.190	-8.004	242.318
2.191	-8.004	242.318
2.192	-8.004	242.318
2.193	-8.004	242.318
2.194	-8.004	242.318
2.195	-8.004	243.326
2.196	-8.004	242.318
2.197	-8.004	244.334
2.198	-8.004	242.318
2.199	-8.004	242.318
2.200	-8.004	243.326
2.201	-8.004	243.326
2.202	-8.004	243.326
2.203	-8.004	243.326
2.204	-8.004	244.334
2.205	-8.004	244.334
2.206	-8.004	244.334
2.207	-9.018	244.334
2.208	-8.004	243.326
2.209	-8.004	244.334
2.210	-9.018	244.334
2.211	-8.004	244.334
2.212	-8.004	244.334
2.213	-8.004	244.334
2.214	-8.004	245.342
2.215	-8.004	245.342
2.216	-8.004	245.342
2.217	-8.004	246.350
2.218	-8.004	246.350
2.219	-8.004	245.342
2.220	-8.004	245.342
2.221	-8.004	246.350
2.222	-8.004	246.350
2.223	-8.004	246.350
2.224	-8.004	246.350
2.225	-6.990	247.359
2.226	-8.004	247.359
2.227	-6.990	248.367
2.228	-8.004	247.359
2.229	-8.004	247.359
2.230	-8.004	248.367
2.231	-8.004	248.367
2.232	-6.990	248.367
2.233	-6.990	248.367
2.234	-6.990	248.367
2.235	-6.990	248.367
2.236	-6.990	248.367
2.237	-6.990	249.375
2.238	-6.990	249.375
2.239	-6.990	249.375
2.240	-5.977	249.375
2.241	-5.977	249.375
2.242	-6.990	249.375
2.243	-5.977	249.375
2.244	-5.977	249.375
2.245	-5.977	250.383
2.246	-5.977	249.375
2.247	-5.977	250.383
2.248	-5.977	250.383
2.249	-5.977	250.383
2.250	-5.977	250.383
2.251	-5.977	250.383
2.252	-5.977	250.383
2.253	-5.977	250.383
2.254	-5.977	250.383
2.255	-4.963	251.391
2.256	-5.977	251.391
2.257	-5.977	251.391
2.258	-4.963	252.399
2.259	-5.977	251.391
2.260	-4.963	252.399
2.261	-4.963	252.399
2.262	-4.963	251.391
2.263	-4.963	252.399
2.264	-4.963	252.399
2.265	-5.977	252.399
2.266	-4.963	252.399
2.267	-4.963	252.399
2.268	-4.963	253.407
2.269	-4.963	253.407
2.270	-4.963	254.415
2.271	-4.963	253.407
2.272	-4.963	254.415
2.273	-4.963	253.407
2.274	-4.963	253.407
2.275	-4.963	253.407
2.276	-4.963	254.415
2.277	-4.963	254.415
2.278	-4.963	254.415
2.279	-4.963	254.415
2.280	-4.963	255.423
2.281	-4.963	254.415
2.282	-4.963	254.415
2.283	-4.963	254.415
2.284	-4.963	254.415
2.285	-4.963	254.415
2.286	-4.963	255.423
2.287	-4.963	255.423
2.288	-4.963	255.423
2.289	-4.963	255.423
2.290	-3.949	255.423
2.291	-4.963	255.423
2.292	-4.963	256.431
2.293	-4.963	255.423
2.294	-4.963	256.431
2.295	-3.949	255.423
2.296	-4.963	255.423
2.297	-3.949	256.431
2.298	-4.963	253.407
2.299	-3.949	256.431
2.300	-3.949	256.431
2.301	-4.963	256.431
2.302	-4.963	256.431
2.303	-4.963	256.431
2.304	-3.949	256.431
2.305	-4.963	256.431
2.306	-4.963	256.431
2.307	-4.963	257.440
2.308	-3.949	256.431
2.309	-4.963	257.440
2.310	-4.963	257.440
2.311	-4.963	257.440
2.312	-4.963	257.440
2.313	-3.949	257.440
2.314	-3.949	257.440
2.315	-4.963	257.440
2.316	-5.977	257.440
2.317	-4.963	257.440
2.318	-3.949	258.448
2.319	-4.963	257.440
2.320	-4.963	258.448
2.321	-4.963	258.448
2.322	-4.963	257.440
2.323	-4.963	258.448
2.324	-4.963	258.448
2.325	-4.963	258.448
2.326	-4.963	258.448
2.327	-4.963	259.456
2.328	-4.963	258.448
2.329	-4.963	259.456
2.330	-4.963	259.456
2.331	-4.963	259.456
2.332	-5.977	259.456
2.333	-4.963	259.456
2.334	-4.963	260.464
2.335	-4.963	260.464
2.336	-4.963	260.464
2.337	-5.977	260.464
2.338	-4.963	260.464
2.339	-4.963	260.464
2.340	-4.963	260.464
2.341	-4.963	261.472
2.342	-4.963	261.472
2.343	-3.949	261.472
2.344	-3.949	261.472
2.345	-4.963	262.480
2.346	-4.963	261.472
2.347	-4.963	261.472
2.348	-4.963	261.472
2.349	-3.949	261.472
2.350	-4.963	262.480
2.351	-4.963	260.464
2.352	-4.963	262.480
2.353	-4.963	262.480
2.354	-4.963	263.488
2.355	-4.963	262.480
2.356	-4.963	262.480
2.357	-3.949	262.480
2.358	-3.949	262.480
2.359	-4.963	262.480
2.360	-3.949	263.488
2.361	-3.949	262.480
2.362	-3.949	262.480
2.363	-3.949	264.496
2.364	-3.949	263.488
2.365	-3.949	263.488
2.366	-3.949	265.504
2.367	-3.949	263.488
2.368	-4.963	263.488
2.369	-3.949	263.488
2.370	-3.949	263.488
2.371	-3.949	263.488
2.372	-3.949	264.496
2.373	-3.949	263.488
2.374	-3.949	264.496
2.375	-3.949	264.496
2.376	-3.949	264.496
2.377	-3.949	263.488
2.378	-3.949	264.496
2.379	-3.949	264.496
2.380	-3.949	264.496
2.381	-3.949	262.480
2.382	-3.949	264.496
2.383	-3.949	263.488
2.384	-3.949	265.504
2.385	-3.949	265.504
2.386	-3.949	265.504
2.387	-3.949	265.504
2.388	-3.949	265.504
2.389	-3.949	265.504
2.390	-2.935	265.504
2.391	-2.935	265.504
2.392	-3.949	265.504
2.393	-2.935	265.504
2.394	-3.949	266.512
2.395	-2.935	266.512
2.396	-2.935	266.512
2.397	-3.949	266.512
2.398	-3.949	266.512
2.399	-2.935	268.529
2.400	-2.935	267.521
2.401	-2.935	266.512
2.402	-2.935	267.521
2.403	-2.935	267.521
2.404	-2.935	268.529
2.405	-2.935	267.521
2.406	-2.935	268.529
2.407	-2.935	268.529
2.408	-2.935	268.529
2.409	-2.935	268.529
2.410	-2.935	267.521
2.411	-1.922	268.529
2.412	-2.935	269.537
2.413	-2.935	269.537
2.414	-1.922	269.537
2.415	-2.935	270.545
2.416	-2.935	270.545
2.417	-1.922	269.537
2.418	-2.935	270.545
2.419	-3.949	270.545
2.420	-1.922	270.545
2.421	-1.922	270.545
2.422	-2.935	270.545
2.423	-1.922	271.553
2.424	-1.922	270.545
2.425	-1.922	270.545
2.426	-2.935	271.553
2.427	-1.922	271.553
2.428	-1.922	270.545
2.429	-1.922	271.553
2.430	-1.922	271.553
2.431	-2.935	271.553
2.432	-1.922	270.545
2.433	-1.922	271.553
2.434	-2.935	271.553
2.435	-2.935	271.553
2.436	-1.922	271.553
2.437	-1.922	269.537
2.438	-1.922	270.545
2.439	-1.922	272.561
2.440	-1.922	271.553
2.441	-1.922	270.545
2.442	-1.922	271.553
2.443	-1.922	271.553
2.444	-1.922	271.553
2.445	-1.922	270.545
2.446	-1.922	271.553
2.447	-1.922	270.545
2.448	-1.922	272.561
2.449	-1.922	271.553
2.450	-1.922	271.553
2.451	-1.922	270.545
2.452	-1.922	272.561
2.453	-1.922	271.553
2.454	-1.922	271.553
2.455	-0.908	271.553
2.456	-0.908	271.553
2.457	-0.908	271.553
2.458	-0.908	271.553
2.459	-0.908	271.553
2.460	-0.908	271.553
2.461	-0.908	272.561
2.462	-0.908	271.553
2.463	-1.922	271.553
2.464	-0.908	272.561
2.465	-0.908	272.561
2.466	-0.908	272.561
2.467	-0.908	272.561
2.468	-0.908	272.561
2.469	-0.908	273.569
2.470	-0.908	273.569
2.471	-0.908	273.569
2.472	-0.908	273.569
2.473	-0.908	273.569
2.474	-0.908	273.569
2.475	-0.908	274.577
2.476	-0.908	273.569
2.477	-0.908	273.569
2.478	-0.908	273.569
2.479	-0.908	274.577
2.480	-1.922	273.569
2.481	-0.908	273.569
2.482	-0.908	274.577
2.483	-0.908	274.577
2.484	-0.908	274.577
2.485	-1.922	274.577
2.486	-0.908	274.577
2.487	-0.908	274.577
2.488	-0.908	274.577
2.489	-0.908	274.577
2.490	-0.908	274.577
2.491	-0.908	274.577
2.492	-0.908	274.577
2.493	0.106	274.577
2.494	-0.908	274.577
2.495	-1.922	274.577
2.496	-0.908	274.577
2.497	-0.908	274.577
2.498	-0.908	274.577
2.499	-0.908	274.577
2.500	0.106	274.577
2.501	-0.908	274.577
2.502	0.106	274.577
2.503	0.106	274.577
2.504	-0.908	274.577
2.505	-0.908	275.585
2.506	-0.908	275.585
2.507	-0.908	274.577
2.508	-0.908	274.577
2.509	-0.908	274.577
2.510	-0.908	275.585
2.511	-0.908	274.577
2.512	-0.908	274.577
2.513	-0.908	274.577
2.514	-0.908	274.577
2.515	-0.908	275.585
2.516	-0.908	274.577
2.517	-0.908	274.577
2.518	-0.908	275.585
2.519	-0.908	275.585
2.520	-0.908	274.577
2.521	-0.908	274.577
2.522	-0.908	274.577
2.523	0.106	274.577
2.524	-0.908	275.585
2.525	0.106	274.577
2.526	-0.908	274.577
2.527	0.106	275.585
2.528	-0.908	275.585
2.529	-0.908	275.585
2.530	0.106	275.585
2.531	-0.908	274.577
2.532	-0.908	275.585
2.533	-0.908	275.585
2.534	0.106	275.585
2.535	-0.908	275.585
2.536	-0.908	275.585
2.537	0.106	275.585
2.538	0.106	277.602
2.539	-0.908	275.585
2.540	-0.908	274.577
2.541	0.106	275.585
2.542	-0.908	275.585
2.543	0.106	275.585
2.544	-0.908	275.585
2.545	-0.908	275.585
2.546	-0.908	275.585
2.547	0.106	275.585
2.548	0.106	276.593
2.549	-0.908	274.577
2.550	-0.908	275.585
2.551	-0.908	275.585
2.552	0.106	275.585
2.553	-0.908	274.577
2.554	-0.908	274.577
2.555	-0.908	274.577
2.556	-0.908	274.577
2.557	-0.908	275.585
2.558	-1.922	276.593
2.559	0.106	274.577
2.560	0.106	275.585
2.561	-0.908	274.577
2.562	-0.908	275.585
2.563	-0.908	275.585
2.564	0.106	274.577
2.565	0.106	274.577
2.566	0.106	275.585
2.567	-0.908	274.577
2.568	0.106	274.577
2.569	0.106	274.577
2.570	-0.908	274.577
2.571	0.106	274.577
2.572	0.106	274.577
2.573	0.106	274.577
2.574	-0.908	274.577
2.575	0.106	274.577
2.576	0.106	274.577
2.577	0.106	275.585
2.578	0.106	275.585
2.579	-0.908	274.577
2.580	0.106	274.577
2.581	0.106	274.577
2.582	0.106	275.585
2.583	0.106	274.577
2.584	0.106	275.585
2.585	0.106	275.585
2.586	0.106	274.577
2.587	0.106	276.593
2.588	0.106	274.577
2.589	0.106	276.593
2.590	0.106	275.585
2.591	0.106	276.593
2.592	0.106	276.593
2.593	0.106	276.593
2.594	0.106	276.593
2.595	0.106	276.593
2.596	0.106	276.593
2.597	0.106	276.593
2.598	0.106	276.593
2.599	0.106	276.593
2.600	0.106	276.593
2.601	0.106	277.602
2.602	0.106	276.593
2.603	0.106	276.593
2.604	0.106	276.593
2.605	0.106	277.602
2.606	-0.908	275.585
2.607	0.106	276.593
2.608	0.106	277.602
2.609	0.106	277.602
2.610	0.106	277.602
2.611	0.106	278.610
2.612	0.106	277.602
2.613	0.106	277.602
2.614	0.106	277.602
2.615	0.106	277.602
2.616	0.106	277.602
2.617	0.106	277.602
2.618	0.106	277.602
2.619	0.106	278.610
2.620	1.119	277.602
2.621	0.106	277.602
2.622	0.106	277.602
2.623	1.119	278.610
2.624	0.106	277.602
2.625	0.106	278.610
2.626	0.106	278.610
2.627	0.106	278.610
2.628	0.106	278.610
2.629	0.106	278.610
2.630	0.106	278.610
2.631	0.106	278.610
2.632	1.119	279.618
2.633	0.106	278.610
2.634	0.106	278.610
2.635	0.106	278.610
2.636	0.106	279.618
2.637	0.106	278.610
2.638	1.119	279.618
2.639	1.119	278.610
2.640	0.106	278.610
2.641	1.119	279.618
2.642	0.106	279.618
2.643	0.106	278.610
2.644	0.106	279.618
2.645	1.119	279.618
2.646	0.106	278.610
2.647	0.106	279.618
2.648	1.119	279.618
2.649	0.106	279.618
2.650	0.106	279.618
2.651	0.106	279.618
2.652	0.106	279.618
2.653	1.119	279.618
2.654	1.119	280.626
2.655	1.119	279.618
2.656	0.106	279.618
2.657	0.106	279.618
2.658	0.106	280.626
2.659	1.119	279.618
2.660	1.119	279.618
2.661	0.106	279.618
2.662	0.106	280.626
2.663	0.106	279.618
2.664	0.106	281.634
2.665	1.119	280.626
2.666	0.106	280.626
2.667	1.119	280.626
2.668	0.106	280.626
2.669	0.106	280.626
2.670	1.119	279.618
2.671	0.106	280.626
2.672	1.119	280.626
2.673	1.119	280.626
2.674	0.106	281.634
2.675	0.106	281.634
2.676	0.106	281.634
2.677	0.106	280.626
2.678	1.119	281.634
2.679	1.119	279.618
2.680	0.106	281.634
2.681	1.119	281.634
2.682	0.106	281.634
2.683	1.119	281.634
2.684	1.119	281.634
2.685	1.119	281.634
2.686	0.106	281.634
2.687	1.119	281.634
2.688	0.106	281.634
2.689	1.119	282.642
2.690	0.106	282.642
2.691	1.119	282.642
2.692	1.119	282.642
2.693	1.119	282.642
2.694	1.119	282.642
2.695	1.119	282.642
2.696	1.119	282.642
2.697	0.106	282.642
2.698	1.119	283.650
2.699	1.119	283.650
2.700	1.119	282.642
2.701	1.119	283.650
2.702	1.119	281.634
2.703	0.106	282.642
2.704	1.119	282.642
2.705	1.119	283.650
2.706	0.106	283.650
2.707	1.119	285.666
2.708	1.119	284.658
2.709	1.119	282.642
2.710	1.119	283.650
2.711	1.119	283.650
2.712	2.133	281.634
2.713	1.119	283.650
2.714	1.119	283.650
2.715	1.119	283.650
2.716	1.119	282.642
2.717	1.119	283.650
2.718	2.133	283.650
2.719	1.119	283.650
2.720	1.119	283.650
2.721	3.147	283.650
2.722	1.119	282.642
2.723	1.119	283.650
2.724	1.119	283.650
2.725	1.119	283.650
2.726	2.133	284.658
2.727	1.119	283.650
2.728	2.133	284.658
2.729	1.119	284.658
2.730	2.133	283.650
2.731	1.119	283.650
2.732	1.119	284.658
2.733	2.133	284.658
2.734	2.133	284.658
2.735	1.119	285.666
2.736	2.133	284.658
2.737	2.133	284.658
2.738	2.133	284.658
2.739	2.133	284.658
2.740	1.119	284.658
2.741	1.119	284.658
2.742	1.119	284.658
2.743	2.133	284.658
2.744	2.133	284.658
2.745	2.133	284.658
2.746	1.119	284.658
2.747	2.133	284.658
2.748	2.133	284.658
2.749	2.133	284.658
2.750	1.119	284.658
2.751	2.133	284.658
2.752	2.133	285.666
2.753	2.133	285.666
2.754	1.119	284.658
2.755	2.133	283.650
2.756	2.133	285.666
2.757	1.119	285.666
2.758	2.133	284.658
2.759	2.133	285.666
2.760	1.119	285.666
2.761	2.133	285.666
2.762	2.133	286.674
2.763	2.133	284.658
2.764	2.133	285.666
2.765	2.133	283.650
2.766	2.133	285.666
2.767	2.133	285.666
2.768	2.133	285.666
2.769	2.133	286.674
2.770	2.133	285.666
2.771	3.147	286.674
2.772	2.133	286.674
2.773	2.133	286.674
2.774	2.133	286.674
2.775	2.133	284.658
2.776	2.133	286.674
2.777	2.133	286.674
2.778	2.133	286.674
2.779	3.147	286.674
2.780	2.133	287.683
2.781	2.133	286.674
2.782	2.133	286.674
2.783	2.133	286.674
2.784	2.133	287.683
2.785	3.147	287.683
2.786	2.133	286.674
2.787	2.133	286.674
2.788	2.133	287.683
2.789	3.147	287.683
2.790	2.133	287.683
2.791	2.133	287.683
2.792	3.147	287.683
2.793	2.133	287.683
2.794	3.147	287.683
2.795	2.133	287.683
2.796	2.133	287.683
2.797	3.147	288.691
2.798	3.147	287.683
2.799	2.133	287.683
2.800	3.147	287.683
2.801	3.147	288.691
2.802	3.147	288.691
2.803	3.147	289.699
2.804	3.147	288.691
2.805	3.147	289.699
2.806	2.133	288.691
2.807	3.147	288.691
2.808	3.147	288.691
2.809	2.133	288.691
2.810	2.133	289.699
2.811	3.147	289.699
2.812	3.147	289.699
2.813	3.147	290.707
2.814	3.147	290.707
2.815	3.147	289.699
2.816	3.147	289.699
2.817	3.147	289.699
2.818	3.147	289.699
2.819	3.147	289.699
2.820	3.147	289.699
2.821	3.147	290.707
2.822	3.147	290.707
2.823	3.147	290.707
2.824	3.147	290.707
2.825	3.147	289.699
2.826	3.147	290.707
2.827	3.147	289.699
2.828	4.160	290.707
2.829	3.147	290.707
2.830	4.160	290.707
2.831	4.160	290.707
2.832	3.147	290.707
2.833	4.160	290.707
2.834	3.147	290.707
2.835	4.160	290.707
2.836	4.160	290.707
2.837	4.160	290.707
2.838	4.160	290.707
2.839	4.160	290.707
2.840	4.160	290.707
2.841	4.160	290.707
2.842	4.160	290.707
2.843	4.160	290.707
2.844	4.160	290.707
2.845	4.160	290.707
2.846	4.160	291.715
2.847	4.160	291.715
2.848	4.160	291.715
2.849	4.160	291.715
2.850	4.160	291.715
2.851	5.174	290.707
2.852	5.174	291.715
2.853	5.174	291.715
2.854	5.174	290.707
2.855	5.174	291.715
2.856	4.160	293.731
2.857	5.174	291.715
2.858	5.174	291.715
2.859	5.174	292.723
2.860	6.188	291.715
2.861	6.188	291.715
2.862	5.174	291.715
2.863	5.174	291.715
2.864	6.188	291.715
2.865	6.188	292.723
2.866	6.188	293.731
2.867	6.188	292.723
2.868	6.188	292.723
2.869	6.188	292.723
2.870	6.188	292.723
2.871	6.188	292.723
2.872	5.174	291.715
2.873	6.188	292.723
2.874	6.188	292.723
2.875	6.188	291.715
2.876	6.188	294.739
2.877	6.188	292.723
2.878	6.188	292.723
2.879	6.188	292.723
2.880	7.201	292.723
2.881	6.188	291.715
2.882	6.188	292.723
2.883	6.188	292.723
2.884	6.188	293.731
2.885	6.188	292.723
2.886	6.188	292.723
2.887	6.188	292.723
2.888	6.188	292.723
2.889	6.188	292.723
2.890	5.174	292.723
2.891	6.188	293.731
2.892	6.188	292.723
2.893	6.188	293.731
2.894	6.188	292.723
2.895	6.188	293.731
2.896	6.188	293.731
2.897	6.188	292.723
2.898	6.188	293.731
2.899	6.188	292.723
2.900	6.188	293.731
2.901	6.188	293.731
2.902	6.188	293.731
2.903	6.188	293.731
2.904	7.201	293.731
2.905	6.188	293.731
2.906	6.188	293.731
2.907	6.188	293.731
2.908	6.188	292.723
2.909	6.188	293.731
2.910	6.188	293.731
2.911	6.188	293.731
2.912	6.188	293.731
2.913	6.188	293.731
2.914	6.188	292.723
2.915	6.188	292.723
2.916	6.188	293.731
2.917	6.188	292.723
2.918	6.188	293.731
2.919	6.188	293.731
2.920	6.188	293.731
2.921	6.188	293.731
2.922	6.188	293.731
2.923	6.188	293.731
2.924	6.188	293.731
2.925	6.188	292.723
2.926	6.188	293.731
2.927	6.188	293.731
2.928	6.188	293.731
2.929	6.188	293.731
2.930	7.201	293.731
2.931	6.188	293.731
2.932	6.188	293.731
2.933	6.188	292.723
2.934	6.188	293.731
2.935	6.188	293.731
2.936	7.201	292.723
2.937	6.188	294.739
2.938	7.201	292.723
2.939	7.201	293.731
2.940	6.188	293.731
2.941	7.201	293.731
2.942	6.188	293.731
2.943	6.188	293.731
2.944	6.188	293.731
2.945	7.201	293.731
2.946	7.201	293.731
2.947	7.201	293.731
2.948	7.201	292.723
2.949	7.201	293.731
2.950	7.201	293.731
2.951	7.201	293.731
2.952	7.201	293.731
2.953	7.201	293.731
2.954	7.201	293.731
2.955	7.201	293.731
2.956	7.201	293.731
2.957	7.201	293.731
2.958	7.201	293.731
2.959	7.201	293.731
2.960	7.201	293.731
2.961	7.201	293.731
2.962	7.201	294.739
2.963	7.201	293.731
2.964	7.201	294.739
2.965	7.201	293.731
2.966	8.215	294.739
2.967	7.201	293.731
2.968	7.201	293.731
2.969	8.215	293.731
2.970	7.201	293.731
2.971	7.201	293.731
2.972	8.215	294.739
2.973	7.201	294.739
2.974	7.201	293.731
2.975	7.201	293.731
2.976	7.201	293.731
2.977	8.215	293.731
2.978	8.215	293.731
2.979	8.215	294.739
2.980	7.201	293.731
2.981	8.215	293.731
2.982	8.215	293.731
2.983	8.215	293.731
2.984	8.215	293.731
2.985	8.215	293.731
2.986	8.215	293.731
2.987	8.215	293.731
2.988	8.215	292.723
2.989	8.215	292.723
2.990	8.215	292.723
2.991	8.215	293.731
2.992	8.215	293.731
2.993	8.215	292.723
2.994	8.215	292.723
2.995	8.215	292.723
2.996	8.215	292.723
2.997	8.215	291.715
2.998	8.215	292.723
2.999	8.215	292.723
3.000	9.229	291.715
3.001	8.215	291.715
3.002	8.215	291.715
3.003	8.215	290.707
3.004	8.215	290.707
3.005	8.215	290.707
3.006	8.215	290.707
3.007	8.215	290.707
3.008	9.229	290.707
3.009	8.215	291.715
3.010	9.229	290.707
3.011	8.215	290.707
3.012	8.215	290.707
3.013	9.229	290.707
3.014	9.229	290.707
3.015	9.229	290.707
3.016	9.229	290.707
3.017	9.229	290.707
3.018	9.229	290.707
3.019	8.215	290.707
3.020	9.229	290.707
3.021	8.215	289.699
3.022	8.215	290.707
3.023	8.215	290.707
3.024	8.215	289.699
3.025	8.215	290.707
3.026	8.215	290.707
3.027	9.229	290.707
3.028	9.229	291.715
3.029	9.229	290.707
3.030	9.229	289.699
3.031	8.215	289.699
3.032	8.215	289.699
3.033	9.229	289.699
3.034	8.215	289.699
3.035	9.229	290.707
3.036	9.229	290.707
3.037	9.229	289.699
3.038	9.229	291.715
3.039	9.229	290.707
3.040	8.215	289.699
3.041	8.215	290.707
3.042	9.229	290.707
3.043	9.229	290.707
3.044	8.215	289.699
3.045	9.229	290.707
3.046	9.229	290.707
3.047	9.229	289.699
3.048	8.215	290.707
3.049	9.229	290.707
3.050	9.229	290.707
3.051	8.215	290.707
3.052	9.229	291.715
3.053	9.229	290.707
3.054	9.229	290.707
3.055	9.229	290.707
3.056	9.229	291.715
3.057	10.242	291.715
3.058	9.229	291.715
3.059	9.229	291.715
3.060	9.229	291.715
3.061	9.229	292.723
3.062	9.229	291.715
3.063	9.229	291.715
3.064	9.229	290.707
3.065	9.229	290.707
3.066	10.242	291.715
3.067	9.229	291.715
3.068	9.229	292.723
3.069	10.242	291.715
3.070	10.242	292.723
3.071	9.229	291.715
3.072	10.242	292.723
3.073	10.242	292.723
3.074	10.242	291.715
3.075	10.242	292.723
3.076	10.242	292.723
3.077	9.229	291.715
3.078	10.242	292.723
3.079	11.256	291.715
3.080	9.229	292.723
3.081	10.242	292.723
3.082	10.242	291.715
3.083	10.242	291.715
3.084	10.242	292.723
3.085	10.242	292.723
3.086	10.242	292.723
3.087	10.242	292.723
3.088	11.256	292.723
3.089	11.256	291.715
3.090	10.242	292.723
3.091	10.242	292.723
3.092	11.256	292.723
3.093	11.256	292.723
3.094	10.242	292.723
3.095	10.242	292.723
3.096	11.256	292.723
3.097	11.256	292.723
3.098	11.256	292.723
3.099	10.242	290.707
3.100	11.256	292.723
3.101	10.242	292.723
3.102	11.256	292.723
3.103	11.256	293.731
3.104	11.256	292.723
3.105	11.256	292.723
3.106	12.270	292.723
3.107	12.270	292.723
3.108	11.256	292.723
3.109	11.256	292.723
3.110	11.256	292.723
3.111	12.270	292.723
3.112	12.270	293.731
3.113	11.256	292.723
3.114	12.270	292.723
3.115	12.270	292.723
3.116	12.270	292.723
3.117	12.270	293.731
3.118	12.270	292.723
3.119	12.270	292.723
3.120	12.270	293.731
3.121	12.270	292.723
3.122	13.283	293.731
3.123	12.270	292.723
3.124	12.270	293.731
3.125	12.270	293.731
3.126	12.270	292.723
3.127	12.270	293.731
3.128	12.270	293.731
3.129	13.283	293.731
3.130	12.270	293.731
3.131	13.283	293.731
3.132	13.283	293.731
3.133	13.283	293.731
3.134	13.283	293.731
3.135	12.270	293.731
3.136	12.270	292.723
3.137	12.270	294.739
3.138	12.270	293.731
3.139	12.270	293.731
3.140	13.283	293.731
3.141	13.283	293.731
3.142	13.283	293.731
3.143	13.283	292.723
3.144	13.283	293.731
3.145	13.283	293.731
3.146	13.283	292.723
3.147	13.283	292.723
3.148	13.283	293.731
3.149	12.270	292.723
3.150	12.270	292.723
3.151	12.270	292.723
3.152	12.270	292.723
3.153	13.283	291.715
3.154	13.283	292.723
3.155	13.283	292.723
3.156	12.270	292.723
3.157	12.270	292.723
3.158	12.270	292.723
3.159	12.270	291.715
3.160	13.283	292.723
3.161	12.270	291.715
3.162	12.270	291.715
3.163	12.270	291.715
3.164	13.283	292.723
3.165	12.270	291.715
3.166	12.270	291.715
3.167	12.270	291.715
3.168	12.270	291.715
3.169	12.270	291.715
3.170	12.270	290.707
3.171	12.270	292.723
3.172	12.270	291.715
3.173	12.270	290.707
3.174	12.270	291.715
3.175	12.270	289.699
3.176	12.270	290.707
3.177	12.270	290.707
3.178	12.270	291.715
3.179	12.270	291.715
3.180	12.270	290.707
3.181	12.270	290.707
3.182	12.270	290.707
3.183	12.270	291.715
3.184	13.283	290.707
3.185	12.270	291.715
3.186	12.270	290.707
3.187	12.270	292.723
3.188	12.270	291.715
3.189	12.270	291.715
3.190	12.270	292.723
3.191	12.270	291.715
3.192	12.270	292.723
3.193	13.283	293.731
3.194	12.270	292.723
3.195	12.270	292.723
3.196	13.283	292.723
3.197	12.270	292.723
3.198	12.270	290.707
3.199	12.270	292.723
3.200	13.283	292.723
3.201	14.297	292.723
3.202	13.283	292.723
3.203	13.283	294.739
3.204	13.283	291.715
3.205	13.283	292.723
3.206	13.283	292.723
3.207	13.283	292.723
3.208	13.283	292.723
3.209	13.283	292.723
3.210	13.283	292.723
3.211	13.283	292.723
3.212	13.283	292.723
3.213	13.283	290.707
3.214	14.297	292.723
3.215	13.283	292.723
3.216	13.283	292.723
3.217	13.283	292.723
3.218	14.297	292.723
3.219	13.283	291.715
3.220	14.297	291.715
3.221	14.297	293.731
3.222	14.297	290.707
3.223	14.297	291.715
3.224	14.297	291.715
3.225	14.297	291.715
3.226	13.283	292.723
3.227	15.311	291.715
3.228	14.297	291.715
3.229	14.297	291.715
3.230	14.297	291.715
3.231	14.297	290.707
3.232	14.297	291.715
3.233	15.311	290.707
3.234	14.297	291.715
3.235	15.311	291.715
3.236	15.311	291.715
3.237	15.311	290.707
3.238	14.297	291.715
3.239	15.311	291.715
3.240	15.311	290.707
3.241	14.297	291.715
3.242	14.297	291.715
3.243	14.297	291.715
3.244	14.297	291.715
3.245	15.311	291.715
3.246	14.297	291.715
3.247	15.311	291.715
3.248	15.311	291.715
3.249	14.297	290.707
3.250	15.311	292.723
3.251	15.311	292.723
3.252	14.297	292.723
3.253	15.311	291.715
3.254	15.311	291.715
3.255	15.311	292.723
3.256	15.311	292.723
3.257	14.297	292.723
3.258	14.297	290.707
3.259	14.297	292.723
3.260	15.311	292.723
3.261	15.311	291.715
3.262	15.311	291.715
3.263	15.311	292.723
3.264	15.311	290.707
3.265	14.297	292.723
3.266	14.297	292.723
3.267	15.311	293.731
3.268	15.311	292.723
3.269	15.311	292.723
3.270	15.311	292.723
3.271	15.311	292.723
3.272	15.311	292.723
3.273	15.311	292.723
3.274	15.311	291.715
3.275	15.311	292.723
3.276	14.297	292.723
3.277	15.311	292.723
3.278	14.297	292.723
3.279	15.311	292.723
3.280	15.311	292.723
3.281	15.311	292.723
3.282	14.297	292.723
3.283	15.311	292.723
3.284	15.311	292.723
3.285	15.311	291.715
3.286	15.311	292.723
3.287	15.311	292.723
3.288	15.311	292.723
3.289	15.311	292.723
3.290	15.311	292.723
3.291	15.311	291.715
3.292	16.325	293.731
3.293	15.311	292.723
3.294	15.311	292.723
3.295	15.311	291.715
3.296	16.325	292.723
3.297	15.311	290.707
3.298	15.311	291.715
3.299	15.311	292.723
3.300	16.325	292.723
3.301	15.311	292.723
3.302	16.325	294.739
3.303	15.311	292.723
3.304	16.325	292.723
3.305	16.325	292.723
3.306	16.325	292.723
3.307	16.325	292.723
3.308	16.325	292.723
3.309	16.325	292.723
3.310	16.325	292.723
3.311	16.325	292.723
3.312	16.325	292.723
3.313	16.325	292.723
3.314	16.325	292.723
3.315	15.311	292.723
3.316	16.325	292.723
3.317	17.338	292.723
3.318	16.325	292.723
3.319	16.325	293.731
3.320	17.338	293.731
3.321	16.325	292.723
3.322	17.338	293.731
3.323	17.338	293.731
3.324	16.325	292.723
3.325	17.338	292.723
3.326	17.338	293.731
3.327	17.338	293.731
3.328	16.325	292.723
3.329	17.338	293.731
3.330	16.325	292.723
3.331	16.325	293.731
3.332	17.338	292.723
3.333	17.338	293.731
3.334	17.338	293.731
3.335	16.325	293.731
3.336	17.338	292.723
3.337	17.338	292.723
3.338	16.325	292.723
3.339	17.338	292.723
3.340	17.338	292.723
3.341	17.338	292.723
3.342	16.325	293.731
3.343	17.338	293.731
3.344	16.325	292.723
3.345	17.338	292.723
3.346	17.338	293.731
3.347	16.325	293.731
3.348	17.338	293.731
3.349	16.325	293.731
3.350	17.338	293.731
3.351	17.338	292.723
3.352	17.338	293.731
3.353	17.338	293.731
3.354	17.338	293.731
3.355	17.338	292.723
3.356	17.338	292.723
3.357	17.338	293.731
3.358	17.338	293.731
3.359	17.338	293.731
3.360	17.338	293.731
3.361	17.338	293.731
3.362	17.338	293.731
3.363	17.338	293.731
3.364	17.338	292.723
3.365	17.338	293.731
3.366	16.325	293.731
3.367	17.338	293.731
3.368	17.338	295.747
3.369	17.338	293.731
3.370	17.338	293.731
3.371	17.338	293.731
3.372	17.338	293.731
3.373	17.338	293.731
3.374	17.338	293.731
3.375	18.352	293.731
3.376	17.338	294.739
3.377	17.338	293.731
3.378	17.338	294.739
3.379	17.338	293.731
3.380	18.352	293.731
3.381	17.338	293.731
3.382	18.352	293.731
3.383	17.338	293.731
3.384	18.352	293.731
3.385	17.338	293.731
3.386	17.338	293.731
3.387	17.338	293.731
3.388	18.352	294.739
3.389	17.338	293.731
3.390	17.338	293.731
3.391	18.352	293.731
3.392	18.352	293.731
3.393	18.352	293.731
3.394	17.338	292.723
3.395	18.352	293.731
3.396	18.352	293.731
3.397	18.352	291.715
3.398	18.352	293.731
3.399	18.352	293.731
3.400	18.352	292.723
3.401	18.352	292.723
3.402	19.366	293.731
3.403	18.352	293.731
3.404	19.366	293.731
3.405	18.352	292.723
3.406	19.366	292.723
3.407	19.366	292.723
3.408	19.366	292.723
3.409	19.366	293.731
3.410	19.366	292.723
3.411	19.366	292.723
3.412	19.366	292.723
3.413	19.366	292.723
3.414	19.366	292.723
3.415	19.366	291.715
3.416	20.379	291.715
3.417	19.366	292.723
3.418	19.366	292.723
3.419	19.366	292.723
3.420	19.366	292.723
3.421	19.366	293.731
3.422	19.366	292.723
3.423	19.366	292.723
3.424	19.366	292.723
3.425	20.379	293.731
3.426	20.379	291.715
3.427	19.366	293.731
3.428	19.366	292.723
3.429	19.366	293.731
3.430	19.366	293.731
3.431	19.366	293.731
3.432	19.366	293.731
3.433	19.366	292.723
3.434	19.366	293.731
3.435	19.366	293.731
3.436	19.366	292.723
3.437	19.366	292.723
3.438	19.366	293.731
3.439	19.366	293.731
3.440	19.366	293.731
3.441	19.366	293.731
3.442	19.366	293.731
3.443	19.366	293.731
3.444	19.366	293.731
3.445	19.366	293.731
3.446	19.366	294.739
3.447	19.366	293.731
3.448	18.352	294.739
3.449	18.352	294.739
3.450	18.352	294.739
3.451	18.352	293.731
3.452	19.366	294.739
3.453	18.352	294.739
3.454	18.352	294.739
3.455	18.352	294.739
3.456	19.366	294.739
3.457	18.352	294.739
3.458	18.352	294.739
3.459	18.352	294.739
3.460	18.352	294.739
3.461	19.366	295.747
3.462	19.366	294.739
3.463	18.352	294.739
3.464	18.352	294.739
3.465	18.352	294.739
3.466	18.352	294.739
3.467	18.352	294.739
3.468	19.366	295.747
3.469	19.366	294.739
3.470	19.366	294.739
3.471	19.366	294.739
3.472	19.366	295.747
3.473	19.366	295.747
3.474	18.352	295.747
3.475	19.366	295.747
3.476	19.366	294.739
3.477	19.366	295.747
3.478	18.352	295.747
3.479	19.366	293.731
3.480	19.366	294.739
3.481	19.366	295.747
3.482	19.366	294.739
3.483	19.366	295.747
3.484	19.366	294.739
3.485	19.366	295.747
3.486	19.366	295.747
3.487	19.366	294.739
3.488	19.366	294.739
3.489	20.379	294.739
3.490	19.366	294.739
3.491	19.366	294.739
3.492	19.366	294.739
3.493	19.366	294.739
3.494	19.366	294.739
3.495	19.366	294.739
3.496	19.366	294.739
3.497	19.366	294.739
3.498	19.366	294.739
3.499	19.366	294.739
3.500	19.366	294.739
3.501	19.366	294.739
3.502	19.366	294.739
3.503	19.366	294.739
3.504	19.366	294.739
3.505	19.366	294.739
3.506	19.366	293.731
3.507	19.366	295.747
3.508	19.366	294.739
3.509	19.366	293.731
3.510	19.366	293.731
3.511	19.366	294.739
3.512	19.366	294.739
3.513	19.366	294.739
3.514	19.366	294.739
3.515	19.366	294.739
3.516	19.366	294.739
3.517	19.366	294.739
3.518	19.366	293.731
3.519	19.366	293.731
3.520	19.366	293.731
3.521	19.366	293.731
3.522	19.366	292.723
3.523	19.366	293.731
3.524	19.366	293.731
3.525	19.366	294.739
3.526	19.366	293.731
3.527	18.352	294.739
3.528	19.366	293.731
3.529	18.352	293.731
3.530	18.352	293.731
3.531	19.366	294.739
3.532	19.366	293.731
3.533	19.366	293.731
3.534	19.366	293.731
3.535	18.352	294.739
3.536	18.352	294.739
3.537	19.366	294.739
3.538	19.366	294.739
3.539	19.366	293.731
3.540	18.352	293.731
3.541	19.366	294.739
3.542	19.366	294.739
3.543	19.366	294.739
3.544	19.366	294.739
3.545	19.366	294.739
3.546	19.366	293.731
3.547	19.366	294.739
3.548	19.366	294.739
3.549	19.366	294.739
3.550	19.366	294.739
3.551	19.366	294.739
3.552	19.366	294.739
3.553	19.366	294.739
3.554	19.366	294.739
3.555	20.379	294.739
3.556	19.366	294.739
3.557	20.379	293.731
3.558	19.366	294.739
3.559	19.366	293.731
3.560	19.366	294.739
3.561	19.366	293.731
3.562	20.379	294.739
3.563	19.366	294.739
3.564	20.379	294.739
3.565	19.366	294.739
3.566	19.366	293.731
3.567	20.379	294.739
3.568	20.379	294.739
3.569	20.379	294.739
3.570	20.379	293.731
3.571	20.379	293.731
3.572	20.379	294.739
3.573	20.379	294.739
3.574	20.379	294.739
3.575	20.379	293.731
3.576	20.379	294.739
3.577	21.393	294.739
3.578	21.393	294.739
3.579	20.379	294.739
3.580	21.393	295.747
3.581	20.379	294.739
3.582	20.379	294.739
3.583	21.393	294.739
3.584	21.393	294.739
3.585	21.393	294.739
3.586	21.393	294.739
3.587	21.393	294.739
3.588	21.393	294.739
3.589	22.407	294.739
3.590	21.393	294.739
3.591	21.393	294.739
3.592	21.393	294.739
3.593	21.393	294.739
3.594	21.393	294.739
3.595	21.393	294.739
3.596	21.393	294.739
3.597	21.393	294.739
3.598	22.407	294.739
3.599	20.379	294.739
3.600	21.393	294.739
3.601	21.393	295.747
3.602	20.379	294.739
3.603	20.379	295.747
3.604	20.379	294.739
3.605	20.379	294.739
3.606	20.379	294.739
3.607	20.379	295.747
3.608	20.379	293.731
3.609	20.379	295.747
3.610	21.393	294.739
3.611	20.379	295.747
3.612	20.379	295.747
3.613	20.379	295.747
3.614	20.379	295.747
3.615	20.379	295.747
3.616	20.379	295.747
3.617	20.379	295.747
3.618	21.393	294.739
3.619	21.393	295.747
3.620	20.379	295.747
3.621	20.379	296.755
3.622	20.379	295.747
3.623	20.379	295.747
3.624	20.379	295.747
3.625	20.379	295.747
3.626	20.379	295.747
3.627	21.393	295.747
3.628	20.379	293.731
3.629	21.393	295.747
3.630	21.393	295.747
3.631	21.393	295.747
3.632	21.393	295.747
3.633	20.379	295.747
3.634	21.393	295.747
3.635	21.393	295.747
3.636	20.379	295.747
3.637	21.393	295.747
3.638	21.393	295.747
3.639	20.379	295.747
3.640	20.379	296.755
3.641	22.407	296.755
3.642	20.379	296.755
3.643	21.393	296.755
3.644	22.407	296.755
3.645	21.393	296.755
3.646	21.393	296.755
3.647	21.393	296.755
3.648	22.407	295.747
3.649	22.407	296.755
3.650	22.407	297.764
3.651	22.407	297.764
3.652	22.407	296.755
3.653	21.393	297.764
3.654	21.393	296.755
3.655	22.407	297.764
3.656	22.407	297.764
3.657	21.393	297.764
3.658	22.407	297.764
3.659	21.393	297.764
3.660	22.407	297.764
3.661	22.407	297.764
3.662	22.407	297.764
3.663	22.407	297.764
3.664	22.407	298.772
3.665	21.393	297.764
3.666	21.393	299.780
3.667	22.407	298.772
3.668	22.407	298.772
3.669	21.393	298.772
3.670	21.393	298.772
3.671	21.393	298.772
3.672	21.393	298.772
3.673	22.407	298.772
3.674	21.393	298.772
3.675	21.393	298.772
3.676	21.393	299.780
3.677	22.407	298.772
3.678	20.379	298.772
3.679	21.393	299.780
3.680	22.407	299.780
3.681	22.407	299.780
3.682	21.393	299.780
3.683	21.393	299.780
3.684	22.407	298.772
3.685	21.393	298.772
3.686	22.407	299.780
3.687	22.407	299.780
3.688	21.393	299.780
3.689	21.393	299.780
3.690	22.407	299.780
3.691	21.393	298.772
3.692	21.393	300.788
3.693	22.407	299.780
3.694	22.407	298.772
3.695	21.393	299.780
3.696	22.407	299.780
3.697	21.393	298.772
3.698	22.407	300.788
3.699	22.407	299.780
3.700	22.407	299.780
3.701	22.407	299.780
3.702	22.407	300.788
3.703	22.407	299.780
3.704	22.407	300.788
3.705	22.407	299.780
3.706	22.407	299.780
3.707	22.407	300.788
3.708	22.407	300.788
3.709	22.407	300.788
3.710	22.407	300.788
3.711	22.407	300.788
3.712	22.407	300.788
3.713	22.407	300.788
3.714	22.407	300.788
3.715	22.407	300.788
3.716	23.420	300.788
3.717	23.420	301.796
3.718	22.407	300.788
3.719	23.420	300.788
3.720	23.420	300.788
3.721	23.420	300.788
3.722	22.407	300.788
3.723	23.420	300.788
3.724	23.420	300.788
3.725	23.420	300.788
3.726	23.420	301.796
3.727	23.420	300.788
3.728	23.420	300.788
3.729	23.420	300.788
3.730	23.420	300.788
3.731	23.420	300.788
3.732	23.420	300.788
3.733	24.434	300.788
3.734	23.420	300.788
3.735	24.434	300.788
3.736	23.420	300.788
3.737	24.434	298.772
3.738	24.434	300.788
3.739	23.420	300.788
3.740	23.420	301.796
3.741	22.407	300.788
3.742	23.420	300.788
3.743	23.420	300.788
3.744	23.420	300.788
3.745	23.420	299.780
3.746	23.420	298.772
3.747	24.434	298.772
3.748	23.420	300.788
3.749	23.420	299.780
3.750	22.407	300.788
3.751	23.420	299.780
3.752	23.420	300.788
3.753	23.420	299.780
3.754	22.407	298.772
3.755	23.420	299.780
3.756	22.407	299.780
3.757	22.407	298.772
3.758	22.407	298.772
3.759	23.420	299.780
3.760	22.407	299.780
3.761	22.407	299.780
3.762	22.407	299.780
3.763	23.420	299.780
3.764	21.393	299.780
3.765	22.407	299.780
3.766	22.407	299.780
3.767	22.407	299.780
3.768	22.407	298.772
3.769	22.407	299.780
3.770	23.420	299.780
3.771	22.407	299.780
3.772	22.407	299.780
3.773	22.407	299.780
3.774	22.407	299.780
3.775	22.407	300.788
3.776	22.407	300.788
3.777	22.407	300.788
3.778	22.407	299.780
3.779	22.407	300.788
3.780	22.407	300.788
3.781	22.407	300.788
3.782	22.407	300.788
3.783	22.407	300.788
3.784	22.407	300.788
3.785	22.407	300.788
3.786	22.407	300.788
3.787	22.407	300.788
3.788	22.407	300.788
3.789	22.407	300.788
3.790	22.407	298.772
3.791	22.407	300.788
3.792	23.420	300.788
3.793	23.420	300.788
3.794	22.407	299.780
3.795	22.407	300.788
3.796	24.434	300.788
3.797	23.420	300.788
3.798	23.420	299.780
3.799	23.420	300.788
3.800	23.420	300.788
3.801	23.420	299.780
3.802	23.420	300.788
3.803	23.420	299.780
3.804	23.420	299.780
3.805	24.434	300.788
3.806	23.420	300.788
3.807	23.420	299.780
3.808	23.420	299.780
3.809	23.420	300.788
3.810	23.420	299.780
3.811	24.434	299.780
3.812	24.434	299.780
3.813	23.420	299.780
3.814	24.434	300.788
3.815	24.434	299.780
3.816	23.420	300.788
3.817	24.434	299.780
3.818	23.420	300.788
3.819	24.434	300.788
3.820	24.434	300.788
3.821	24.434	300.788
3.822	24.434	300.788
3.823	24.434	300.788
3.824	23.420	300.788
3.825	24.434	300.788
3.826	24.434	300.788
3.827	24.434	300.788
3.828	23.420	301.796
3.829	24.434	301.796
3.830	24.434	301.796
3.831	24.434	301.796
3.832	24.434	301.796
3.833	24.434	300.788
3.834	23.420	301.796
3.835	23.420	301.796
3.836	23.420	302.804
3.837	24.434	301.796
3.838	24.434	302.804
3.839	23.420	302.804
3.840	23.420	302.804
3.841	23.420	302.804
3.842	24.434	302.804
3.843	24.434	302.804
3.844	24.434	302.804
3.845	24.434	302.804
3.846	23.420	303.812
3.847	23.420	302.804
3.848	24.434	303.812
3.849	24.434	303.812
3.850	23.420	302.804
3.851	23.420	302.804
3.852	24.434	302.804
3.853	23.420	302.804
3.854	23.420	302.804
3.855	24.434	303.812
3.856	23.420	302.804
3.857	24.434	303.812
3.858	23.420	302.804
3.859	24.434	303.812
3.860	22.407	303.812
3.861	22.407	303.812
3.862	23.420	303.812
3.863	23.420	303.812
3.864	23.420	303.812
3.865	23.420	303.812
3.866	23.420	303.812
3.867	22.407	303.812
3.868	23.420	303.812
3.869	23.420	304.820
3.870	23.420	304.820
3.871	22.407	303.812
3.872	24.434	304.820
3.873	22.407	304.820
3.874	22.407	304.820
3.875	23.420	304.820
3.876	22.407	303.812
3.877	23.420	304.820
3.878	23.420	304.820
3.879	23.420	305.828
3.880	22.407	304.820
3.881	22.407	305.828
3.882	23.420	305.828
3.883	22.407	305.828
3.884	23.420	305.828
3.885	23.420	305.828
3.886	23.420	303.812
3.887	23.420	306.836
3.888	23.420	305.828
3.889	23.420	305.828
3.890	23.420	305.828
3.891	23.420	306.836
3.892	22.407	305.828
3.893	23.420	305.828
3.894	24.434	306.836
3.895	23.420	306.836
3.896	24.434	306.836
3.897	23.420	305.828
3.898	24.434	306.836
3.899	24.434	306.836
3.900	24.434	305.828
3.901	24.434	306.836
3.902	24.434	306.836
3.903	24.434	306.836
3.904	24.434	306.836
3.905	24.434	306.836
3.906	24.434	306.836
3.907	24.434	306.836
3.908	24.434	306.836
3.909	24.434	306.836
3.910	24.434	306.836
3.911	25.448	306.836
3.912	25.448	306.836
3.913	24.434	306.836
3.914	25.448	308.853
3.915	25.448	307.845
3.916	24.434	307.845
3.917	24.434	307.845
3.918	25.448	307.845
3.919	24.434	308.853
3.920	24.434	307.845
3.921	25.448	308.853
3.922	25.448	308.853
3.923	25.448	308.853
3.924	24.434	308.853
3.925	24.434	308.853
3.926	24.434	308.853
3.927	25.448	308.853
3.928	25.448	308.853
3.929	25.448	306.836
3.930	24.434	308.853
3.931	25.448	309.861
3.932	25.448	309.861
3.933	25.448	309.861
3.934	25.448	308.853
3.935	25.448	309.861
3.936	25.448	309.861
3.937	25.448	309.861
3.938	25.448	309.861
3.939	25.448	309.861
3.940	25.448	309.861
3.941	25.448	309.861
3.942	25.448	309.861
3.943	25.448	308.853
3.944	25.448	310.869
3.945	25.448	309.861
3.946	25.448	310.869
3.947	25.448	309.861
3.948	25.448	310.869
3.949	25.448	309.861
3.950	25.448	309.861
3.951	25.448	310.869
3.952	25.448	309.861
3.953	25.448	310.869
3.954	25.448	310.869
3.955	25.448	310.869
3.956	25.448	310.869
3.957	25.448	310.869
3.958	25.448	310.869
3.959	25.448	310.869
3.960	26.461	310.869
3.961	25.448	310.869
3.962	26.461	310.869
3.963	25.448	311.877
3.964	25.448	311.877
3.965	25.448	310.869
3.966	25.448	311.877
3.967	25.448	311.877
3.968	25.448	311.877
3.969	25.448	311.877
3.970	25.448	311.877
3.971	25.448	311.877
3.972	25.448	312.885
3.973	25.448	311.877
3.974	25.448	311.877
3.975	25.448	312.885
3.976	25.448	312.885
3.977	26.461	313.893
3.978	26.461	311.877
3.979	27.475	311.877
3.980	26.461	312.885
3.981	26.461	312.885
3.982	26.461	312.885
3.983	26.461	313.893
3.984	27.475	313.893
3.985	26.461	313.893
3.986	26.461	313.893
3.987	26.461	313.893
3.988	26.461	313.893
3.989	27.475	312.885
3.990	26.461	313.893
3.991	27.475	313.893
3.992	26.461	313.893
3.993	26.461	313.893
3.994	27.475	313.893
3.995	27.475	313.893
3.996	27.475	313.893
3.997	26.461	314.901
3.998	27.475	313.893
3.999	27.475	314.901
4.000	27.475	313.893
4.001	27.475	313.893
4.002	27.475	313.893
4.003	26.461	313.893
4.004	27.475	313.893
4.005	27.475	313.893
4.006	27.475	313.893
4.007	27.475	313.893
4.008	27.475	314.901
4.009	27.475	313.893
4.010	27.475	313.893
4.011	27.475	313.893
4.012	27.475	314.901
4.013	27.475	313.893
4.014	27.475	313.893
4.015	28.489	313.893
4.016	27.475	313.893
4.017	28.489	314.901
4.018	27.475	314.901
4.019	27.475	313.893
4.020	27.475	313.893
4.021	27.475	313.893
4.022	27.475	313.893
4.023	27.475	313.893
4.024	27.475	314.901
4.025	27.475	314.901
4.026	27.475	314.901
4.027	27.475	313.893
4.028	27.475	313.893
4.029	28.489	313.893
4.030	26.461	314.901
4.031	27.475	313.893
4.032	27.475	313.893
4.033	27.475	313.893
4.034	28.489	314.901
4.035	27.475	313.893
4.036	27.475	313.893
4.037	27.475	312.885
4.038	27.475	313.893
4.039	27.475	313.893
4.040	27.475	314.901
4.041	27.475	313.893
4.042	26.461	313.893
4.043	27.475	313.893
4.044	27.475	313.893
4.045	26.461	311.877
4.046	26.461	312.885
4.047	27.475	313.893
4.048	27.475	313.893
4.049	27.475	312.885
4.050	26.461	312.885
4.051	27.475	312.885
4.052	27.475	312.885
4.053	27.475	311.877
4.054	26.461	312.885
4.055	27.475	311.877
4.056	27.475	311.877
4.057	27.475	311.877
4.058	27.475	311.877
4.059	27.475	311.877
4.060	27.475	312.885
4.061	27.475	311.877
4.062	28.489	310.869
4.063	28.489	310.869
4.064	27.475	310.869
4.065	28.489	310.869
4.066	27.475	310.869
4.067	27.475	310.869
4.068	28.489	310.869
4.069	27.475	310.869
4.070	28.489	310.869
4.071	28.489	310.869
4.072	28.489	310.869
4.073	27.475	309.861
4.074	28.489	310.869
4.075	28.489	310.869
4.076	28.489	309.861
4.077	28.489	310.869
4.078	28.489	309.861
4.079	28.489	309.861
4.080	29.502	309.861
4.081	28.489	310.869
4.082	28.489	309.861
4.083	29.502	309.861
4.084	29.502	310.869
4.085	29.502	310.869
4.086	28.489	309.861
4.087	28.489	310.869
4.088	29.502	309.861
4.089	28.489	309.861
4.090	29.502	310.869
4.091	28.489	309.861
4.092	28.489	310.869
4.093	28.489	310.869
4.094	29.502	309.861
4.095	29.502	310.869
4.096	29.502	310.869
4.097	29.502	310.869
4.098	29.502	310.869
4.099	28.489	309.861
4.100	29.502	310.869
4.101	30.516	310.869
4.102	29.502	310.869
4.103	28.489	310.869
4.104	29.502	310.869
4.105	29.502	310.869
4.106	29.502	310.869
4.107	29.502	310.869
4.108	28.489	308.853
4.109	28.489	310.869
4.110	28.489	311.877
4.111	29.502	311.877
4.112	28.489	310.869
4.113	28.489	311.877
4.114	29.502	310.869
4.115	29.502	310.869
4.116	28.489	310.869
4.117	28.489	311.877
4.118	29.502	311.877
4.119	28.489	311.877
4.120	29.502	311.877
4.121	28.489	311.877
4.122	29.502	311.877
4.123	29.502	311.877
4.124	30.516	311.877
4.125	29.502	311.877
4.126	28.489	311.877
4.127	29.502	311.877
4.128	30.516	311.877
4.129	29.502	311.877
4.130	29.502	311.877
4.131	29.502	312.885
4.132	29.502	311.877
4.133	29.502	311.877
4.134	30.516	312.885
4.135	30.516	311.877
4.136	29.502	311.877
4.137	30.516	311.877
4.138	30.516	311.877
4.139	30.516	312.885
4.140	30.516	311.877
4.141	29.502	312.885
4.142	30.516	312.885
4.143	30.516	312.885
4.144	30.516	312.885
4.145	30.516	312.885
4.146	30.516	312.885
4.147	30.516	312.885
4.148	30.516	312.885
4.149	30.516	311.877
4.150	30.516	313.893
4.151	30.516	312.885
4.152	30.516	312.885
4.153	30.516	313.893
4.154	30.516	313.893
4.155	30.516	312.885
4.156	30.516	311.877
4.157	30.516	313.893
4.158	30.516	311.877
4.159	31.530	312.885
4.160	30.516	312.885
4.161	31.530	313.893
4.162	30.516	313.893
4.163	31.530	313.893
4.164	31.530	313.893
4.165	30.516	313.893
4.166	30.516	313.893
4.167	31.530	312.885
4.168	31.530	313.893
4.169	31.530	313.893
4.170	31.530	313.893
4.171	31.530	313.893
4.172	31.530	313.893
4.173	31.530	313.893
4.174	32.544	313.893
4.175	31.530	314.901
4.176	31.530	313.893
4.177	32.544	313.893
4.178	31.530	313.893
4.179	31.530	313.893
4.180	31.530	313.893
4.181	31.530	312.885
4.182	31.530	313.893
4.183	31.530	313.893
4.184	31.530	313.893
4.185	30.516	313.893
4.186	31.530	315.909
4.187	32.544	314.901
4.188	31.530	313.893
4.189	31.530	313.893
4.190	31.530	313.893
4.191	31.530	313.893
4.192	31.530	313.893
4.193	31.530	313.893
4.194	31.530	313.893
4.195	31.530	313.893
4.196	31.530	313.893
4.197	31.530	314.901
4.198	31.530	313.893
4.199	30.516	313.893
4.200	31.530	313.893
4.201	31.530	313.893
4.202	30.516	313.893
4.203	30.516	313.893
4.204	31.530	313.893
4.205	31.530	314.901
4.206	31.530	313.893
4.207	31.530	313.893
4.208	31.530	313.893
4.209	31.530	313.893
4.210	31.530	312.885
4.211	31.530	313.893
4.212	30.516	312.885
4.213	31.530	313.893
4.214	31.530	313.893
4.215	31.530	312.885
4.216	31.530	312.885
4.217	31.530	312.885
4.218	30.516	312.885
4.219	31.530	311.877
4.220	31.530	312.885
4.221	31.530	312.885
4.222	31.530	312.885
4.223	31.530	312.885
4.224	31.530	312.885
4.225	31.530	312.885
4.226	31.530	313.893
4.227	31.530	312.885
4.228	31.530	312.885
4.229	31.530	311.877
4.230	31.530	312.885
4.231	31.530	312.885
4.232	31.530	313.893
4.233	31.530	312.885
4.234	31.530	312.885
4.235	31.530	312.885
4.236	31.530	311.877
4.237	31.530	312.885
4.238	31.530	312.885
4.239	31.530	311.877
4.240	31.530	312.885
4.241	32.544	312.885
4.242	31.530	312.885
4.243	31.530	312.885
4.244	31.530	312.885
4.245	32.544	312.885
4.246	32.544	312.885
4.247	32.544	312.885
4.248	31.530	312.885
4.249	32.544	312.885
4.250	32.544	312.885
4.251	32.544	312.885
4.252	32.544	312.885
4.253	32.544	313.893
4.254	32.544	312.885
4.255	32.544	312.885
4.256	32.544	312.885
4.257	32.544	313.893
4.258	32.544	312.885
4.259	32.544	312.885
4.260	32.544	313.893
4.261	32.544	312.885
4.262	32.544	312.885
4.263	32.544	312.885
4.264	32.544	312.885
4.265	32.544	312.885
4.266	32.544	313.893
4.267	32.544	313.893
4.268	32.544	313.893
4.269	32.544	313.893
4.270	32.544	312.885
4.271	32.544	313.893
4.272	32.544	312.885
4.273	32.544	312.885
4.274	32.544	312.885
4.275	31.530	313.893
4.276	32.544	312.885
4.277	32.544	312.885
4.278	32.544	312.885
4.279	31.530	313.893
4.280	33.557	313.893
4.281	32.544	313.893
4.282	32.544	312.885
4.283	32.544	313.893
4.284	32.544	313.893
4.285	32.544	312.885
4.286	33.557	313.893
4.287	31.530	312.885
4.288	32.544	312.885
4.289	33.557	313.893
4.290	32.544	313.893
4.291	32.544	312.885
4.292	32.544	312.885
4.293	32.544	312.885
4.294	33.557	311.877
4.295	32.544	312.885
4.296	32.544	312.885
4.297	32.544	312.885
4.298	33.557	312.885
4.299	33.557	312.885
4.300	32.544	311.877
4.301	32.544	312.885
4.302	33.557	312.885
4.303	33.557	311.877
4.304	32.544	312.885
4.305	33.557	311.877
4.306	32.544	312.885
4.307	32.544	312.885
4.308	32.544	312.885
4.309	32.544	312.885
4.310	32.544	311.877
4.311	33.557	312.885
4.312	32.544	311.877
4.313	32.544	311.877
4.314	33.557	312.885
4.315	32.544	311.877
4.316	33.557	312.885
4.317	33.557	313.893
4.318	32.544	311.877
4.319	32.544	312.885
4.320	33.557	312.885
4.321	32.544	312.885
4.322	32.544	312.885
4.323	32.544	312.885
4.324	32.544	312.885
4.325	32.544	313.893
4.326	32.544	313.893
4.327	34.571	313.893
4.328	32.544	313.893
4.329	32.544	312.885
4.330	32.544	313.893
4.331	32.544	313.893
4.332	32.544	312.885
4.333	32.544	313.893
4.334	33.557	312.885
4.335	32.544	313.893
4.336	32.544	313.893
4.337	32.544	311.877
4.338	32.544	313.893
4.339	32.544	313.893
4.340	32.544	313.893
4.341	32.544	312.885
4.342	32.544	313.893
4.343	32.544	313.893
4.344	32.544	313.893
4.345	32.544	312.885
4.346	32.544	313.893
4.347	32.544	311.877
4.348	32.544	312.885
4.349	32.544	313.893
4.350	32.544	313.893
4.351	32.544	313.893
4.352	32.544	313.893
4.353	32.544	312.885
4.354	32.544	313.893
4.355	32.544	311.877
4.356	32.544	312.885
4.357	32.544	311.877
4.358	32.544	312.885
4.359	32.544	312.885
4.360	32.544	312.885
4.361	32.544	312.885
4.362	32.544	313.893
4.363	32.544	312.885
4.364	32.544	311.877
4.365	32.544	313.893
4.366	32.544	312.885
4.367	32.544	312.885
4.368	32.544	312.885
4.369	32.544	312.885
4.370	32.544	312.885
4.371	32.544	312.885
4.372	32.544	313.893
4.373	32.544	311.877
4.374	33.557	311.877
4.375	32.544	312.885
4.376	32.544	312.885
4.377	32.544	312.885
4.378	32.544	312.885
4.379	32.544	312.885
4.380	32.544	312.885
4.381	32.544	312.885
4.382	32.544	313.893
4.383	32.544	313.893
4.384	32.544	313.893
4.385	32.544	312.885
4.386	32.544	312.885
4.387	32.544	312.885
4.388	32.544	312.885
4.389	32.544	313.893
4.390	32.544	313.893
4.391	32.544	313.893
4.392	32.544	313.893
4.393	32.544	314.901
4.394	32.544	313.893
4.395	32.544	313.893
4.396	32.544	313.893
4.397	32.544	313.893
4.398	32.544	313.893
4.399	32.544	313.893
4.400	32.544	313.893
4.401	32.544	313.893
4.402	32.544	313.893
4.403	32.544	314.901
4.404	32.544	313.893
4.405	32.544	313.893
4.406	32.544	313.893
4.407	32.544	313.893
4.408	32.544	313.893
4.409	32.544	314.901
4.410	33.557	314.901
4.411	33.557	314.901
4.412	32.544	314.901
4.413	33.557	314.901
4.414	32.544	314.901
4.415	32.544	314.901
4.416	33.557	314.901
4.417	33.557	314.901
4.418	32.544	314.901
4.419	32.544	314.901
4.420	33.557	314.901
4.421	32.544	314.901
4.422	32.544	314.901
4.423	33.557	314.901
4.424	33.557	314.901
4.425	33.557	314.901
4.426	32.544	314.901
4.427	33.557	314.901
4.428	33.557	314.901
4.429	33.557	314.901
4.430	33.557	313.893
4.431	33.557	314.901
4.432	33.557	314.901
4.433	33.557	314.901
4.434	33.557	314.901
4.435	33.557	314.901
4.436	33.557	314.901
4.437	33.557	314.901
4.438	33.557	314.901
4.439	33.557	314.901
4.440	33.557	314.901
4.441	33.557	314.901
4.442	33.557	314.901
4.443	33.557	314.901
4.444	32.544	314.901
4.445	33.557	316.917
4.446	33.557	314.901
4.447	33.557	314.901
4.448	33.557	313.893
4.449	32.544	313.893
4.450	33.557	314.901
4.451	32.544	314.901
4.452	32.544	313.893
4.453	33.557	314.901
4.454	32.544	314.901
4.455	32.544	314.901
4.456	32.544	313.893
4.457	32.544	313.893
4.458	32.544	314.901
4.459	32.544	314.901
4.460	32.544	314.901
4.461	32.544	314.901
4.462	32.544	314.901
4.463	32.544	314.901
4.464	32.544	314.901
4.465	32.544	314.901
4.466	32.544	314.901
4.467	32.544	313.893
4.468	32.544	314.901
4.469	32.544	314.901
4.470	32.544	314.901
4.471	32.544	314.901
4.472	32.544	314.901
4.473	32.544	314.901
4.474	31.530	314.901
4.475	32.544	314.901
4.476	31.530	314.901
4.477	32.544	313.893
4.478	32.544	314.901
4.479	32.544	314.901
4.480	32.544	314.901
4.481	32.544	314.901
4.482	32.544	314.901
4.483	32.544	314.901
4.484	31.530	313.893
4.485	32.544	313.893
4.486	32.544	313.893
4.487	32.544	314.901
4.488	31.530	313.893
4.489	32.544	314.901
4.490	32.544	313.893
4.491	32.544	313.893
4.492	32.544	313.893
4.493	32.544	313.893
4.494	32.544	313.893
4.495	32.544	313.893
4.496	32.544	313.893
4.497	32.544	312.885
4.498	32.544	313.893
4.499	33.557	313.893
4.500	32.544	313.893
4.501	32.544	312.885
4.502	32.544	313.893
4.503	32.544	311.877
4.504	32.544	312.885
4.505	32.544	313.893
4.506	32.544	312.885
4.507	32.544	312.885
4.508	32.544	312.885
4.509	33.557	311.877
4.510	32.544	312.885
4.511	32.544	311.877
4.512	32.544	312.885
4.513	33.557	311.877
4.514	33.557	313.893
4.515	32.544	311.877
4.516	32.544	312.885
4.517	32.544	312.885
4.518	32.544	312.885
4.519	33.557	311.877
4.520	32.544	311.877
4.521	32.544	311.877
4.522	32.544	311.877
4.523	33.557	312.885
4.524	32.544	311.877
4.525	32.544	311.877
4.526	32.544	312.885
4.527	32.544	311.877
4.528	32.544	312.885
4.529	32.544	312.885
4.530	32.544	311.877
4.531	32.544	311.877
4.532	32.544	311.877
4.533	32.544	311.877
4.534	32.544	312.885
4.535	32.544	311.877
4.536	32.544	311.877
4.537	32.544	311.877
4.538	32.544	311.877
4.539	32.544	312.885
4.540	32.544	311.877
4.541	32.544	311.877
4.542	32.544	311.877
4.543	32.544	311.877
4.544	32.544	311.877
4.545	32.544	311.877
4.546	32.544	311.877
4.547	32.544	311.877
4.548	32.544	311.877
4.549	32.544	311.877
4.550	32.544	311.877
4.551	32.544	311.877
4.552	32.544	310.869
4.553	32.544	311.877
4.554	32.544	312.885
4.555	32.544	311.877
4.556	32.544	312.885
4.557	32.544	312.885
4.558	32.544	311.877
4.559	32.544	312.885
4.560	32.544	313.893
4.561	32.544	311.877
4.562	32.544	311.877
4.563	33.557	312.885
4.564	32.544	311.877
4.565	32.544	312.885
4.566	32.544	311.877
4.567	32.544	312.885
4.568	33.557	311.877
4.569	32.544	312.885
4.570	33.557	311.877
4.571	33.557	313.893
4.572	33.557	312.885
4.573	33.557	312.885
4.574	33.557	313.893
4.575	33.557	312.885
4.576	33.557	310.869
4.577	32.544	312.885
4.578	32.544	312.885
4.579	33.557	311.877
4.580	33.557	313.893
4.581	33.557	313.893
4.582	33.557	313.893
4.583	33.557	312.885
4.584	33.557	312.885
4.585	33.557	312.885
4.586	33.557	312.885
4.587	33.557	312.885
4.588	33.557	312.885
4.589	34.571	313.893
4.590	34.571	313.893
4.591	33.557	312.885
4.592	33.557	313.893
4.593	33.557	313.893
4.594	33.557	312.885
4.595	33.557	313.893
4.596	33.557	313.893
4.597	33.557	313.893
4.598	33.557	312.885
4.599	33.557	313.893
4.600	33.557	313.893
4.601	33.557	314.901
4.602	33.557	313.893
4.603	33.557	313.893
4.604	32.544	313.893
4.605	33.557	313.893
4.606	33.557	312.885
4.607	33.557	313.893
4.608	33.557	313.893
4.609	33.557	313.893
4.610	33.557	312.885
4.611	33.557	313.893
4.612	33.557	313.893
4.613	32.544	313.893
4.614	33.557	314.901
4.615	32.544	313.893
4.616	33.557	313.893
4.617	33.557	314.901
4.618	33.557	313.893
4.619	34.571	313.893
4.620	33.557	313.893
4.621	33.557	313.893
4.622	33.557	313.893
4.623	33.557	313.893
4.624	32.544	313.893
4.625	33.557	314.901
4.626	33.557	314.901
4.627	33.557	313.893
4.628	33.557	313.893
4.629	34.571	313.893
4.630	32.544	313.893
4.631	32.544	313.893
4.632	33.557	314.901
4.633	32.544	314.901
4.634	32.544	315.909
4.635	33.557	315.909
4.636	32.544	314.901
4.637	32.544	313.893
4.638	33.557	314.901
4.639	32.544	314.901
4.640	33.557	313.893
4.641	33.557	314.901
4.642	32.544	314.901
4.643	33.557	313.893
4.644	32.544	314.901
4.645	32.544	314.901
4.646	32.544	314.901
4.647	33.557	314.901
4.648	33.557	314.901
4.649	34.571	313.893
4.650	32.544	313.893
4.651	33.557	314.901
4.652	32.544	314.901
4.653	33.557	314.901
4.654	33.557	315.909
4.655	32.544	313.893
4.656	33.557	313.893
4.657	33.557	313.893
4.658	33.557	313.893
4.659	33.557	313.893
4.660	32.544	314.901
4.661	33.557	314.901
4.662	33.557	314.901
4.663	33.557	313.893
4.664	32.544	315.909
4.665	33.557	313.893
4.666	33.557	313.893
4.667	33.557	313.893
4.668	33.557	313.893
4.669	33.557	313.893
4.670	33.557	313.893
4.671	34.571	312.885
4.672	33.557	313.893
4.673	33.557	313.893
4.674	34.571	312.885
4.675	33.557	313.893
4.676	33.557	312.885
4.677	33.557	312.885
4.678	33.557	312.885
4.679	33.557	312.885
4.680	33.557	312.885
4.681	33.557	311.877
4.682	33.557	311.877
4.683	33.557	311.877
4.684	34.571	311.877
4.685	33.557	310.869
4.686	33.557	311.877
4.687	33.557	310.869
4.688	33.557	310.869
4.689	32.544	311.877
4.690	33.557	310.869
4.691	33.557	309.861
4.692	33.557	310.869
4.693	33.557	309.861
4.694	33.557	310.869
4.695	33.557	309.861
4.696	33.557	309.861
4.697	32.544	309.861
4.698	33.557	309.861
4.699	33.557	309.861
4.700	33.557	308.853
4.701	33.557	309.861
4.702	33.557	309.861
4.703	32.544	308.853
4.704	33.557	309.861
4.705	32.544	308.853
4.706	32.544	308.853
4.707	32.544	308.853
4.708	32.544	307.845
4.709	32.544	307.845
4.710	32.544	308.853
4.711	32.544	307.845
4.712	33.557	307.845
4.713	32.544	307.845
4.714	32.544	307.845
4.715	32.544	307.845
4.716	32.544	306.836
4.717	32.544	306.836
4.718	32.544	307.845
4.719	32.544	307.845
4.720	32.544	307.845
4.721	32.544	307.845
4.722	32.544	306.836
4.723	32.544	307.845
4.724	31.530	307.845
4.725	31.530	307.845
4.726	31.530	306.836
4.727	32.544	307.845
4.728	32.544	307.845
4.729	31.530	308.853
4.730	32.544	306.836
4.731	32.544	307.845
4.732	32.544	306.836
4.733	31.530	307.845
4.734	31.530	307.845
4.735	32.544	307.845
4.736	31.530	307.845
4.737	31.530	308.853
4.738	32.544	308.853
4.739	31.530	307.845
4.740	31.530	307.845
4.741	32.544	308.853
4.742	32.544	306.836
4.743	32.544	308.853
4.744	32.544	308.853
4.745	31.530	309.861
4.746	31.530	308.853
4.747	31.530	309.861
4.748	32.544	308.853
4.749	31.530	308.853
4.750	32.544	309.861
4.751	32.544	308.853
4.752	32.544	309.861
4.753	32.544	309.861
4.754	32.544	309.861
4.755	32.544	309.861
4.756	32.544	309.861
4.757	32.544	310.869
4.758	32.544	309.861
4.759	32.544	309.861
4.760	32.544	308.853
4.761	32.544	310.869
4.762	32.544	309.861
4.763	32.544	309.861
4.764	32.544	309.861
4.765	32.544	310.869
4.766	32.544	309.861
4.767	32.544	310.869
4.768	32.544	309.861
4.769	32.544	309.861
4.770	32.544	309.861
4.771	32.544	309.861
4.772	33.557	309.861
4.773	32.544	309.861
4.774	33.557	309.861
4.775	32.544	309.861
4.776	32.544	308.853
4.777	32.544	309.861
4.778	32.544	308.853
4.779	32.544	308.853
4.780	32.544	308.853
4.781	33.557	309.861
4.782	33.557	308.853
4.783	33.557	308.853
4.784	32.544	308.853
4.785	33.557	308.853
4.786	33.557	308.853
4.787	33.557	308.853
4.788	32.544	308.853
4.789	32.544	308.853
4.790	33.557	308.853
4.791	33.557	308.853
4.792	33.557	307.845
4.793	33.557	307.845
4.794	32.544	308.853
4.795	33.557	308.853
4.796	32.544	308.853
4.797	33.557	308.853
4.798	33.557	307.845
4.799	32.544	307.845
4.800	32.544	308.853
4.801	33.557	307.845
4.802	33.557	307.845
4.803	32.544	307.845
4.804	33.557	307.845
4.805	33.557	308.853
4.806	33.557	307.845
4.807	33.557	307.845
4.808	33.557	307.845
4.809	33.557	307.845
4.810	33.557	308.853
4.811	33.557	307.845
4.812	32.544	307.845
4.813	33.557	307.845
4.814	33.557	308.853
4.815	33.557	307.845
4.816	33.557	307.845
4.817	33.557	307.845
4.818	34.571	308.853
4.819	33.557	307.845
4.820	33.557	307.845
4.821	34.571	308.853
4.822	34.571	306.836
4.823	33.557	307.845
4.824	33.557	307.845
4.825	33.557	307.845
4.826	33.557	306.836
4.827	33.557	306.836
4.828	33.557	306.836
4.829	33.557	307.845
4.830	33.557	308.853
4.831	34.571	307.845
4.832	33.557	308.853
4.833	33.557	307.845
4.834	33.557	307.845
4.835	33.557	306.836
4.836	34.571	307.845
4.837	34.571	306.836
4.838	34.571	306.836
4.839	34.571	307.845
4.840	34.571	307.845
4.841	34.571	308.853
4.842	34.571	306.836
4.843	34.571	307.845
4.844	34.571	307.845
4.845	33.557	305.828
4.846	34.571	307.845
4.847	34.571	307.845
4.848	33.557	307.845
4.849	34.571	307.845
4.850	34.571	307.845
4.851	34.571	307.845
4.852	34.571	307.845
4.853	34.571	306.836
4.854	33.557	307.845
4.855	34.571	306.836
4.856	34.571	307.845
4.857	35.585	308.853
4.858	34.571	308.853
4.859	34.571	308.853
4.860	34.571	308.853
4.861	34.571	308.853
4.862	35.585	308.853
4.863	35.585	308.853
4.864	34.571	308.853
4.865	34.571	308.853
4.866	34.571	308.853
4.867	35.585	308.853
4.868	35.585	309.861
4.869	34.571	308.853
4.870	34.571	308.853
4.871	35.585	309.861
4.872	35.585	308.853
4.873	34.571	308.853
4.874	34.571	308.853
4.875	34.571	309.861
4.876	34.571	309.861
4.877	35.585	308.853
4.878	35.585	309.861
4.879	35.585	307.845
4.880	35.585	309.861
4.881	35.585	309.861
4.882	35.585	308.853
4.883	35.585	308.853
4.884	33.557	309.861
4.885	34.571	308.853
4.886	35.585	308.853
4.887	35.585	309.861
4.888	35.585	309.861
4.889	35.585	308.853
4.890	35.585	309.861
4.891	35.585	309.861
4.892	35.585	308.853
4.893	35.585	308.853
4.894	35.585	309.861
4.895	35.585	309.861
4.896	35.585	309.861
4.897	35.585	308.853
4.898	35.585	309.861
4.899	35.585	309.861
4.900	36.598	309.861
4.901	35.585	308.853
4.902	35.585	309.861
4.903	35.585	309.861
4.904	35.585	309.861
4.905	35.585	309.861
4.906	35.585	309.861
4.907	36.598	309.861
4.908	36.598	309.861
4.909	36.598	309.861
4.910	36.598	309.861
4.911	36.598	309.861
4.912	36.598	310.869
4.913	36.598	311.877
4.914	36.598	310.869
4.915	36.598	309.861
4.916	36.598	309.861
4.917	36.598	309.861
4.918	36.598	309.861
4.919	36.598	310.869
4.920	36.598	310.869
4.921	36.598	310.869
4.922	36.598	309.861
4.923	36.598	310.869
4.924	36.598	309.861
4.925	37.612	310.869
4.926	36.598	309.861
4.927	36.598	310.869
4.928	37.612	309.861
4.929	37.612	309.861
4.930	37.612	310.869
4.931	37.612	310.869
4.932	37.612	309.861
4.933	36.598	310.869
4.934	37.612	310.869
4.935	37.612	309.861
4.936	37.612	309.861
4.937	37.612	310.869
4.938	37.612	310.869
4.939	36.598	310.869
4.940	37.612	310.869
4.941	38.626	310.869
4.942	36.598	309.861
4.943	37.612	310.869
4.944	37.612	310.869
4.945	37.612	309.861
4.946	37.612	309.861
4.947	37.612	310.869
4.948	37.612	310.869
4.949	37.612	310.869
4.950	37.612	310.869
4.951	37.612	309.861
4.952	37.612	310.869
4.953	37.612	310.869
4.954	37.612	310.869
4.955	36.598	310.869
4.956	38.626	310.869
4.957	37.612	310.869
4.958	37.612	310.869
4.959	37.612	309.861
4.960	36.598	310.869
4.961	38.626	310.869
4.962	37.612	310.869
4.963	37.612	310.869
4.964	38.626	309.861
4.965	38.626	309.861
4.966	38.626	310.869
4.967	38.626	310.869
4.968	37.612	310.869
4.969	37.612	310.869
4.970	38.626	309.861
4.971	38.626	310.869
4.972	38.626	308.853
4.973	38.626	310.869
4.974	39.639	309.861
4.975	38.626	309.861
4.976	38.626	309.861
4.977	38.626	309.861
4.978	38.626	309.861
4.979	38.626	309.861
4.980	39.639	309.861
4.981	39.639	309.861
4.982	39.639	309.861
4.983	39.639	309.861
4.984	39.639	309.861
4.985	39.639	309.861
4.986	38.626	309.861
4.987	38.626	309.861
4.988	39.639	309.861
4.989	38.626	310.869
4.990	39.639	309.861
4.991	39.639	308.853
4.992	39.639	309.861
4.993	39.639	309.861
4.994	39.639	308.853
4.995	39.639	309.861
4.996	39.639	310.869
4.997	39.639	309.861
4.998	40.653	310.869
4.999	39.639	308.853
5.000	39.639	308.853
5.001	39.639	309.861
5.002	39.639	309.861
5.003	39.639	309.861
5.004	39.639	309.861
5.005	39.639	309.861
5.006	39.639	309.861
5.007	40.653	309.861
5.008	40.653	309.861
5.009	39.639	308.853
5.010	39.639	309.861
5.011	40.653	309.861
5.012	40.653	309.861
5.013	40.653	309.861
5.014	40.653	308.853
5.015	40.653	309.861
5.016	40.653	309.861
5.017	40.653	309.861
5.018	39.639	309.861
5.019	39.639	309.861
5.020	40.653	309.861
5.021	40.653	309.861
5.022	40.653	309.861
5.023	40.653	309.861
5.024	40.653	309.861
5.025	40.653	310.869
5.026	40.653	310.869
5.027	40.653	310.869
5.028	40.653	310.869
5.029	39.639	311.877
5.030	39.639	309.861
5.031	40.653	309.861
5.032	40.653	310.869
5.033	40.653	310.869
5.034	39.639	310.869
5.035	40.653	310.869
5.036	40.653	309.861
5.037	40.653	310.869
5.038	40.653	310.869
5.039	40.653	310.869
5.040	40.653	310.869
5.041	40.653	309.861
5.042	40.653	310.869
5.043	41.667	310.869
5.044	40.653	309.861
5.045	40.653	309.861
5.046	40.653	310.869
5.047	40.653	310.869
5.048	40.653	310.869
5.049	40.653	310.869
5.050	40.653	310.869
5.051	40.653	310.869
5.052	41.667	310.869
5.053	40.653	310.869
5.054	41.667	309.861
5.055	40.653	310.869
5.056	40.653	309.861
5.057	41.667	310.869
5.058	40.653	310.869
5.059	41.667	311.877
5.060	40.653	310.869
5.061	40.653	309.861
5.062	40.653	309.861
5.063	41.667	309.861
5.064	41.667	309.861
5.065	40.653	310.869
5.066	41.667	310.869
5.067	40.653	310.869
5.068	40.653	310.869
5.069	40.653	309.861
5.070	40.653	309.861
5.071	40.653	309.861
5.072	40.653	309.861
5.073	41.667	310.869
5.074	41.667	309.861
5.075	41.667	309.861
5.076	41.667	309.861
5.077	41.667	310.869
5.078	41.667	310.869
5.079	41.667	309.861
5.080	40.653	309.861
5.081	41.667	309.861
5.082	40.653	310.869
5.083	41.667	309.861
5.084	41.667	310.869
5.085	41.667	310.869
5.086	41.667	310.869
5.087	41.667	310.869
5.088	40.653	310.869
5.089	41.667	310.869
5.090	40.653	310.869
5.091	41.667	310.869
5.092	40.653	311.877
5.093	41.667	310.869
5.094	40.653	310.869
5.095	41.667	310.869
5.096	41.667	310.869
5.097	41.667	310.869
5.098	41.667	310.869
5.099	40.653	310.869
5.100	41.667	311.877
5.101	41.667	311.877
5.102	40.653	312.885
5.103	41.667	311.877
5.104	40.653	310.869
5.105	40.653	310.869
5.106	41.667	311.877
5.107	40.653	311.877
5.108	41.667	311.877
5.109	41.667	311.877
5.110	41.667	311.877
5.111	41.667	310.869
5.112	41.667	312.885
5.113	41.667	311.877
5.114	41.667	311.877
5.115	41.667	310.869
5.116	42.680	311.877
5.117	41.667	311.877
5.118	41.667	311.877
5.119	41.667	311.877
5.120	41.667	311.877
5.121	41.667	311.877
5.122	41.667	311.877
5.123	42.680	311.877
5.124	42.680	311.877
5.125	41.667	310.869
5.126	41.667	311.877
5.127	42.680	311.877
5.128	42.680	311.877
5.129	42.680	311.877
5.130	43.694	311.877
5.131	42.680	311.877
5.132	42.680	312.885
5.133	42.680	312.885
5.134	42.680	311.877
5.135	42.680	311.877
5.136	43.694	311.877
5.137	43.694	312.885
5.138	43.694	311.877
5.139	42.680	312.885
5.140	43.694	312.885
5.141	43.694	312.885
5.142	44.708	312.885
5.143	43.694	312.885
5.144	43.694	312.885
5.145	43.694	313.893
5.146	43.694	313.893
5.147	43.694	312.885
5.148	43.694	313.893
5.149	43.694	313.893
5.150	44.708	312.885
5.151	43.694	312.885
5.152	44.708	313.893
5.153	43.694	313.893
5.154	44.708	313.893
5.155	44.708	313.893
5.156	44.708	313.893
5.157	44.708	312.885
5.158	44.708	313.893
5.159	44.708	313.893
5.160	44.708	311.877
5.161	44.708	313.893
5.162	44.708	313.893
5.163	44.708	313.893
5.164	44.708	313.893
5.165	44.708	313.893
5.166	44.708	313.893
5.167	44.708	312.885
5.168	44.708	312.885
5.169	44.708	313.893
5.170	44.708	312.885
5.171	44.708	313.893
5.172	45.721	312.885
5.173	44.708	313.893
5.174	44.708	312.885
5.175	44.708	313.893
5.176	44.708	312.885
5.177	45.721	312.885
5.178	45.721	312.885
5.179	44.708	312.885
5.180	45.721	312.885
5.181	45.721	311.877
5.182	45.721	312.885
5.183	45.721	312.885
5.184	44.708	311.877
5.185	44.708	311.877
5.186	44.708	311.877
5.187	44.708	311.877
5.188	45.721	311.877
5.189	45.721	311.877
5.190	45.721	311.877
5.191	45.721	311.877
5.192	45.721	311.877
5.193	46.735	310.869
5.194	45.721	311.877
5.195	44.708	311.877
5.196	44.708	311.877
5.197	45.721	310.869
5.198	45.721	311.877
5.199	45.721	311.877
5.200	46.735	310.869
5.201	44.708	310.869
5.202	44.708	310.869
5.203	45.721	310.869
5.204	45.721	311.877
5.205	44.708	310.869
5.206	45.721	310.869
5.207	45.721	310.869
5.208	45.721	311.877
5.209	45.721	310.869
5.210	45.721	310.869
5.211	45.721	310.869
5.212	45.721	310.869
5.213	44.708	310.869
5.214	44.708	310.869
5.215	45.721	310.869
5.216	46.735	311.877
5.217	45.721	310.869
5.218	45.721	311.877
5.219	45.721	310.869
5.220	45.721	310.869
5.221	45.721	310.869
5.222	45.721	310.869
5.223	46.735	310.869
5.224	44.708	310.869
5.225	45.721	310.869
5.226	45.721	310.869
5.227	45.721	310.869
5.228	45.721	310.869
5.229	45.721	309.861
5.230	45.721	310.869
5.231	45.721	310.869
5.232	46.735	310.869
5.233	45.721	310.869
5.234	46.735	310.869
5.235	46.735	310.869
5.236	46.735	310.869
5.237	45.721	310.869
5.238	45.721	310.869
5.239	45.721	310.869
5.240	44.708	310.869
5.241	45.721	310.869
5.242	46.735	310.869
5.243	45.721	310.869
5.244	46.735	310.869
5.245	45.721	310.869
5.246	46.735	310.869
5.247	44.708	310.869
5.248	46.735	311.877
5.249	46.735	310.869
5.250	46.735	310.869
5.251	46.735	310.869
5.252	45.721	311.877
5.253	46.735	310.869
5.254	45.721	311.877
5.255	46.735	310.869
5.256	46.735	310.869
5.257	46.735	311.877
5.258	46.735	311.877
5.259	46.735	311.877
5.260	45.721	311.877
5.261	46.735	311.877
5.262	46.735	311.877
5.263	46.735	311.877
5.264	46.735	311.877
5.265	45.721	311.877
5.266	46.735	312.885
5.267	46.735	311.877
5.268	46.735	311.877
5.269	46.735	311.877
5.270	45.721	312.885
5.271	46.735	312.885
5.272	46.735	311.877
5.273	46.735	312.885
5.274	45.721	312.885
5.275	45.721	312.885
5.276	46.735	312.885
5.277	45.721	311.877
5.278	46.735	312.885
5.279	46.735	312.885
5.280	46.735	312.885
5.281	45.721	312.885
5.282	46.735	312.885
5.283	45.721	311.877
5.284	46.735	312.885
5.285	46.735	312.885
5.286	46.735	311.877
5.287	45.721	312.885
5.288	46.735	311.877
5.289	47.749	311.877
5.290	46.735	311.877
5.291	45.721	311.877
5.292	46.735	311.877
5.293	46.735	310.869
5.294	45.721	311.877
5.295	46.735	310.869
5.296	46.735	309.861
5.297	46.735	310.869
5.298	46.735	310.869
5.299	46.735	311.877
5.300	47.749	310.869
5.301	46.735	310.869
5.302	47.749	310.869
5.303	46.735	310.869
5.304	47.749	310.869
5.305	47.749	310.869
5.306	48.762	310.869
5.307	47.749	310.869
5.308	48.762	310.869
5.309	48.762	310.869
5.310	48.762	310.869
5.311	48.762	310.869
5.312	48.762	310.869
5.313	48.762	310.869
5.314	47.749	310.869
5.315	48.762	310.869
5.316	49.776	310.869
5.317	48.762	310.869
5.318	49.776	310.869
5.319	48.762	310.869
5.320	49.776	310.869
5.321	49.776	310.869
5.322	49.776	310.869
5.323	49.776	310.869
5.324	49.776	310.869
5.325	49.776	310.869
5.326	49.776	310.869
5.327	49.776	310.869
5.328	49.776	311.877
5.329	49.776	311.877
5.330	49.776	311.877
5.331	50.790	311.877
5.332	50.790	310.869
5.333	50.790	310.869
5.334	49.776	310.869
5.335	50.790	311.877
5.336	50.790	311.877
5.337	50.790	310.869
5.338	51.804	310.869
5.339	51.804	311.877
5.340	50.790	311.877
5.341	50.790	311.877
5.342	51.804	311.877
5.343	51.804	311.877
5.344	51.804	312.885
5.345	51.804	312.885
5.346	50.790	312.885
5.347	51.804	312.885
5.348	51.804	312.885
5.349	51.804	311.877
5.350	51.804	312.885
5.351	51.804	312.885
5.352	51.804	313.893
5.353	51.804	312.885
5.354	51.804	313.893
5.355	51.804	313.893
5.356	51.804	313.893
5.357	51.804	312.885
5.358	51.804	313.893
5.359	51.804	313.893
5.360	51.804	312.885
5.361	51.804	313.893
5.362	51.804	313.893
5.363	51.804	313.893
5.364	51.804	313.893
5.365	51.804	313.893
5.366	52.817	313.893
5.367	51.804	313.893
5.368	51.804	313.893
5.369	51.804	313.893
5.370	51.804	313.893
5.371	51.804	313.893
5.372	51.804	313.893
5.373	51.804	313.893
5.374	51.804	313.893
5.375	51.804	314.901
5.376	51.804	313.893
5.377	51.804	313.893
5.378	51.804	313.893
5.379	51.804	313.893
5.380	51.804	313.893
5.381	51.804	313.893
5.382	51.804	313.893
5.383	52.817	313.893
5.384	51.804	313.893
5.385	51.804	313.893
5.386	52.817	313.893
5.387	52.817	314.901
5.388	52.817	313.893
5.389	52.817	313.893
5.390	51.804	313.893
5.391	52.817	313.893
5.392	52.817	313.893
5.393	52.817	313.893
5.394	51.804	313.893
5.395	52.817	313.893
5.396	52.817	313.893
5.397	52.817	313.893
5.398	52.817	313.893
5.399	52.817	313.893
5.400	52.817	313.893
5.401	53.831	313.893
5.402	53.831	313.893
5.403	53.831	314.901
5.404	52.817	314.901
5.405	53.831	314.901
5.406	53.831	314.901
5.407	53.831	314.901
5.408	54.845	314.901
5.409	54.845	314.901
5.410	53.831	314.901
5.411	54.845	315.909
5.412	54.845	315.909
5.413	54.845	315.909
5.414	54.845	315.909
5.415	54.845	314.901
5.416	54.845	315.909
5.417	55.858	315.909
5.418	54.845	316.917
5.419	54.845	316.917
5.420	54.845	317.926
5.421	54.845	316.917
5.422	54.845	316.917
5.423	55.858	316.917
5.424	54.845	316.917
5.425	55.858	315.909
5.426	54.845	316.917
5.427	55.858	316.917
5.428	54.845	316.917
5.429	54.845	316.917
5.430	54.845	318.934
5.431	54.845	315.909
5.432	55.858	316.917
5.433	55.858	316.917
5.434	55.858	316.917
5.435	55.858	316.917
5.436	54.845	316.917
5.437	54.845	315.909
5.438	55.858	316.917
5.439	54.845	316.917
5.440	54.845	318.934
5.441	55.858	316.917
5.442	54.845	316.917
5.443	54.845	315.909
5.444	55.858	316.917
5.445	54.845	315.909
5.446	55.858	315.909
5.447	54.845	316.917
5.448	54.845	316.917
5.449	54.845	315.909
5.450	54.845	315.909
5.451	54.845	316.917
5.452	54.845	316.917
5.453	54.845	315.909
5.454	54.845	315.909
5.455	54.845	315.909
5.456	54.845	315.909
5.457	54.845	316.917
5.458	54.845	316.917
5.459	54.845	315.909
5.460	54.845	316.917
5.461	54.845	316.917
5.462	54.845	315.909
5.463	54.845	315.909
5.464	54.845	316.917
5.465	54.845	316.917
5.466	54.845	316.917
5.467	54.845	316.917
5.468	54.845	315.909
5.469	54.845	316.917
5.470	54.845	316.917
5.471	54.845	316.917
5.472	54.845	316.917
5.473	54.845	317.926
5.474	54.845	317.926
5.475	54.845	317.926
5.476	55.858	317.926
5.477	55.858	316.917
5.478	55.858	316.917
5.479	54.845	316.917
5.480	54.845	317.926
5.481	54.845	317.926
5.482	54.845	317.926
5.483	55.858	318.934
5.484	53.831	317.926
5.485	54.845	317.926
5.486	55.858	317.926
5.487	55.858	317.926
5.488	54.845	317.926
5.489	54.845	317.926
5.490	55.858	317.926
5.491	54.845	317.926
5.492	55.858	317.926
5.493	54.845	317.926
5.494	55.858	318.934
5.495	55.858	317.926
5.496	54.845	317.926
5.497	55.858	317.926
5.498	55.858	317.926
5.499	55.858	317.926
5.500	55.858	317.926
5.501	56.872	317.926
5.502	55.858	317.926
5.503	55.858	316.917
5.504	54.845	317.926
5.505	55.858	316.917
5.506	55.858	317.926
5.507	56.872	317.926
5.508	55.858	317.926
5.509	55.858	317.926
5.510	55.858	317.926
5.511	56.872	316.917
5.512	55.858	316.917
5.513	55.858	317.926
5.514	55.858	317.926
5.515	55.858	316.917
5.516	55.858	316.917
5.517	55.858	316.917
5.518	55.858	316.917
5.519	55.858	316.917
5.520	55.858	316.917
5.521	55.858	316.917
5.522	55.858	316.917
5.523	55.858	316.917
5.524	55.858	316.917
5.525	55.858	316.917
5.526	55.858	317.926
5.527	55.858	316.917
5.528	55.858	315.909
5.529	55.858	315.909
5.530	55.858	315.909
5.531	55.858	315.909
5.532	55.858	315.909
5.533	55.858	315.909
5.534	55.858	316.917
5.535	55.858	315.909
5.536	55.858	315.909
5.537	55.858	314.901
5.538	55.858	314.901
5.539	55.858	314.901
5.540	55.858	314.901
5.541	55.858	314.901
5.542	55.858	314.901
5.543	56.872	314.901
5.544	55.858	314.901
5.545	56.872	314.901
5.546	55.858	314.901
5.547	56.872	313.893
5.548	55.858	313.893
5.549	55.858	313.893
5.550	55.858	313.893
5.551	56.872	313.893
5.552	55.858	313.893
5.553	56.872	313.893
5.554	56.872	313.893
5.555	55.858	312.885
5.556	56.872	312.885
5.557	55.858	312.885
5.558	56.872	312.885
5.559	56.872	313.893
5.560	56.872	312.885
5.561	56.872	312.885
5.562	56.872	312.885
5.563	56.872	312.885
5.564	56.872	312.885
5.565	56.872	311.877
5.566	56.872	312.885
5.567	56.872	312.885
5.568	56.872	312.885
5.569	56.872	312.885
5.570	57.886	312.885
5.571	56.872	311.877
5.572	56.872	311.877
5.573	56.872	312.885
5.574	57.886	311.877
5.575	56.872	312.885
5.576	57.886	311.877
5.577	56.872	311.877
5.578	56.872	311.877
5.579	57.886	313.893
5.580	57.886	311.877
5.581	57.886	311.877
5.582	57.886	311.877
5.583	57.886	311.877
5.584	57.886	311.877
5.585	57.886	311.877
5.586	58.899	312.885
5.587	58.899	311.877
5.588	57.886	311.877
5.589	58.899	311.877
5.590	58.899	311.877
5.591	57.886	311.877
5.592	57.886	311.877
5.593	58.899	311.877
5.594	59.913	311.877
5.595	57.886	311.877
5.596	57.886	311.877
5.597	57.886	310.869
5.598	57.886	310.869
5.599	58.899	310.869
5.600	58.899	310.869
5.601	57.886	310.869
5.602	57.886	310.869
5.603	58.899	311.877
5.604	57.886	310.869
5.605	57.886	310.869
5.606	57.886	311.877
5.607	58.899	309.861
5.608	57.886	310.869
5.609	57.886	310.869
5.610	57.886	310.869
5.611	57.886	310.869
5.612	57.886	310.869
5.613	57.886	310.869
5.614	57.886	310.869
5.615	57.886	308.853
5.616	57.886	310.869
5.617	58.899	308.853
5.618	57.886	310.869
5.619	56.872	310.869
5.620	57.886	310.869
5.621	57.886	310.869
5.622	57.886	310.869
5.623	56.872	310.869
5.624	57.886	309.861
5.625	57.886	310.869
5.626	56.872	310.869
5.627	57.886	309.861
5.628	57.886	310.869
5.629	57.886	310.869
5.630	56.872	310.869
5.631	57.886	309.861
5.632	57.886	310.869
5.633	57.886	308.853
5.634	56.872	310.869
5.635	56.872	309.861
5.636	57.886	309.861
5.637	57.886	310.869
5.638	57.886	309.861
5.639	57.886	309.861
5.640	57.886	309.861
5.641	57.886	309.861
5.642	58.899	310.869
5.643	57.886	309.861
5.644	57.886	309.861
5.645	57.886	309.861
5.646	58.899	309.861
5.647	58.899	309.861
5.648	57.886	308.853
5.649	58.899	308.853
5.650	58.899	308.853
5.651	57.886	307.845
5.652	58.899	309.861
5.653	58.899	308.853
5.654	57.886	308.853
5.655	58.899	308.853
5.656	59.913	308.853
5.657	58.899	308.853
5.658	59.913	307.845
5.659	59.913	308.853
5.660	59.913	306.836
5.661	59.913	307.845
5.662	59.913	307.845
5.663	59.913	308.853
5.664	59.913	307.845
5.665	60.927	309.861
5.666	60.927	307.845
5.667	59.913	307.845
5.668	60.927	307.845
5.669	59.913	306.836
5.670	60.927	305.828
5.671	60.927	306.836
5.672	60.927	306.836
5.673	60.927	306.836
5.674	60.927	306.836
5.675	60.927	306.836
5.676	60.927	306.836
5.677	60.927	306.836
5.678	60.927	306.836
5.679	60.927	306.836
5.680	60.927	306.836
5.681	60.927	306.836
5.682	60.927	306.836
5.683	60.927	306.836
5.684	60.927	306.836
5.685	60.927	306.836
5.686	60.927	305.828
5.687	60.927	306.836
5.688	61.940	305.828
5.689	61.940	306.836
5.690	61.940	306.836
5.691	60.927	305.828
5.692	60.927	304.820
5.693	60.927	305.828
5.694	60.927	304.820
5.695	60.927	304.820
5.696	60.927	304.820
5.697	60.927	304.820
5.698	60.927	305.828
5.699	60.927	303.812
5.700	60.927	303.812
5.701	60.927	303.812
5.702	60.927	303.812
5.703	60.927	303.812
5.704	60.927	302.804
5.705	60.927	302.804
5.706	60.927	302.804
5.707	60.927	302.804
5.708	60.927	301.796
5.709	60.927	301.796
5.710	60.927	301.796
5.711	60.927	300.788
5.712	60.927	300.788
5.713	60.927	299.780
5.714	60.927	298.772
5.715	60.927	298.772
5.716	60.927	298.772
5.717	59.913	297.764
5.718	60.927	296.755
5.719	60.927	296.755
5.720	59.913	296.755
5.721	59.913	295.747
5.722	59.913	294.739
5.723	60.927	294.739
5.724	60.927	294.739
5.725	59.913	293.731
5.726	59.913	292.723
5.727	59.913	292.723
5.728	59.913	292.723
5.729	59.913	290.707
5.730	59.913	289.699
5.731	59.913	289.699
5.732	58.899	288.691
5.733	60.927	286.674
5.734	57.886	286.674
5.735	58.899	285.666
5.736	59.913	284.658
5.737	58.899	284.658
5.738	57.886	282.642
5.739	59.913	282.642
5.740	57.886	281.634
5.741	57.886	280.626
5.742	57.886	279.618
5.743	57.886	276.593
5.744	56.872	277.602
5.745	56.872	276.593
5.746	57.886	276.593
5.747	57.886	274.577
5.748	56.872	274.577
5.749	56.872	273.569
5.750	56.872	272.561
5.751	56.872	270.545
5.752	56.872	270.545
5.753	55.858	269.537
5.754	54.845	268.529
5.755	55.858	268.529
5.756	55.858	267.521
5.757	55.858	265.504
5.758	55.858	265.504
5.759	54.845	264.496
5.760	54.845	263.488
5.761	54.845	262.480
5.762	54.845	261.472
5.763	53.831	260.464
5.764	53.831	259.456
5.765	53.831	258.448
5.766	53.831	258.448
5.767	53.831	256.431
5.768	52.817	255.423
5.769	52.817	255.423
5.770	52.817	253.407
5.771	52.817	252.399
5.772	51.804	252.399
5.773	51.804	250.383
5.774	52.817	250.383
5.775	51.804	248.367
5.776	51.804	247.359
5.777	50.790	246.350
5.778	50.790	245.342
5.779	50.790	244.334
5.780	49.776	242.318
5.781	49.776	242.318
5.782	49.776	241.310
5.783	49.776	240.302
5.784	48.762	238.286
5.785	48.762	237.278
5.786	48.762	234.253
5.787	48.762	234.253
5.788	47.749	233.245
5.789	47.749	232.237
5.790	47.749	230.221
5.791	47.749	230.221
5.792	46.735	228.205
5.793	46.735	227.197
5.794	45.721	225.180
5.795	45.721	224.172
5.796	46.735	222.156
5.797	44.708	221.148
5.798	44.708	220.140
5.799	44.708	218.124
5.800	44.708	217.116
5.801	44.708	216.107
5.802	44.708	214.091
5.803	43.694	212.075
5.804	43.694	211.067
5.805	43.694	210.059
5.806	42.680	208.043
5.807	42.680	206.026
5.808	42.680	206.026
5.809	41.667	204.010
5.810	41.667	201.994
5.811	41.667	200.986
5.812	40.653	198.970
5.813	40.653	197.962
5.814	39.639	195.945
5.815	39.639	193.929
5.816	39.639	192.921
5.817	39.639	190.905
5.818	38.626	189.897
5.819	38.626	187.881
5.820	37.612	185.864
5.821	38.626	184.856
5.822	38.626	182.840
5.823	36.598	181.832
5.824	36.598	179.816
5.825	36.598	178.808
5.826	36.598	177.800
5.827	35.585	175.783
5.828	35.585	173.767
5.829	35.585	172.759
5.830	35.585	169.735
5.831	34.571	169.735
5.832	34.571	168.727
5.833	33.557	165.702
5.834	33.557	164.694
5.835	33.557	163.686
5.836	32.544	161.670
5.837	32.544	160.662
5.838	32.544	158.646
5.839	32.544	157.638
5.840	31.530	156.630
5.841	31.530	155.621
5.842	31.530	153.605
5.843	30.516	151.589
5.844	30.516	150.581
5.845	30.516	149.573
5.846	29.502	148.565
5.847	29.502	146.549
5.848	28.489	145.540
5.849	29.502	144.532
5.850	28.489	142.516
5.851	28.489	141.508
5.852	28.489	140.500
5.853	28.489	139.492
5.854	27.475	137.476
5.855	27.475	135.459
5.856	27.475	134.451
5.857	27.475	133.443
5.858	26.461	132.435
5.859	26.461	131.427
5.860	26.461	129.411
5.861	25.448	128.403
5.862	26.461	126.387
5.863	25.448	125.378
5.864	24.434	124.370
5.865	25.448	123.362
5.866	24.434	121.346
5.867	24.434	120.338
5.868	24.434	120.338
5.869	24.434	118.322
5.870	24.434	117.314
5.871	24.434	115.297
5.872	24.434	114.289
5.873	23.420	113.281
5.874	23.420	111.265
5.875	23.420	110.257
5.876	23.420	109.249
5.877	22.407	108.241
5.878	22.407	106.225
5.879	22.407	105.216
5.880	22.407	104.208
5.881	22.407	103.200
5.882	22.407	102.192
5.883	21.393	101.184
5.884	21.393	100.176
5.885	21.393	98.160
5.886	21.393	97.152
5.887	20.379	96.144
5.888	19.366	96.144
5.889	20.379	93.119
5.890	19.366	93.119
5.891	19.366	92.111
5.892	19.366	91.103
5.893	18.352	90.095
5.894	18.352	90.095
5.895	18.352	88.079
5.896	18.352	87.071
5.897	17.338	86.063
5.898	17.338	85.054
5.899	16.325	85.054
5.900	16.325	83.038
5.901	16.325	83.038
5.902	16.325	82.030
5.903	16.325	81.022
5.904	16.325	81.022
5.905	15.311	79.006
5.906	15.311	79.006
5.907	14.297	77.998
5.908	15.311	76.990
5.909	14.297	75.982
5.910	13.283	75.982
5.911	13.283	74.973
5.912	13.283	74.973
5.913	12.270	73.965
5.914	12.270	73.965
5.915	12.270	71.949
5.916	12.270	71.949
5.917	11.256	70.941
5.918	11.256	70.941
5.919	11.256	69.933
5.920	10.242	68.925
5.921	10.242	68.925
5.922	10.242	68.925
5.923	9.229	67.917
5.924	8.215	67.917
5.925	9.229	66.909
5.926	8.215	66.909
5.927	8.215	64.892
5.928	8.215	65.901
5.929	7.201	64.892
5.930	7.201	63.884
5.931	7.201	63.884
5.932	7.201	63.884
5.933	7.201	62.876
5.934	6.188	62.876
5.935	6.188	62.876
5.936	6.188	61.868
5.937	5.174	60.860
5.938	5.174	60.860
5.939	5.174	60.860
5.940	5.174	59.852
5.941	5.174	59.852
5.942	4.160	59.852
5.943	4.160	58.844
5.944	4.160	58.844
5.945	4.160	58.844
5.946	4.160	57.836
5.947	4.160	57.836
5.948	3.147	56.828
5.949	3.147	55.820
5.950	3.147	56.828
5.951	3.147	56.828
5.952	3.147	55.820
5.953	3.147	56.828
5.954	3.147	55.820
5.955	3.147	54.811
5.956	2.133	53.803
5.957	3.147	53.803
5.958	2.133	53.803
5.959	3.147	52.795
5.960	2.133	52.795
5.961	2.133	52.795
5.962	2.133	52.795
5.963	1.119	50.779
5.964	3.147	51.787
5.965	1.119	50.779
5.966	1.119	49.771
5.967	1.119	48.763
5.968	1.119	48.763
5.969	1.119	47.755
5.970	1.119	46.747
5.971	1.119	46.747
5.972	0.106	45.739
5.973	0.106	45.739
5.974	0.106	44.730
5.975	1.119	43.722
5.976	0.106	43.722
5.977	0.106	42.714
5.978	0.106	42.714
5.979	0.106	41.706
5.980	0.106	40.698
5.981	0.106	40.698
5.982	0.106	39.690
5.983	0.106	38.682
5.984	0.106	37.674
5.985	-0.908	37.674
5.986	-0.908	36.666
5.987	-0.908	36.666
5.988	-0.908	35.658
5.989	-0.908	34.649
5.990	-0.908	34.649
5.991	-1.922	32.633
5.992	-1.922	33.641
5.993	-1.922	32.633
5.994	-1.922	32.633
5.995	-1.922	31.625
5.996	-1.922	31.625
5.997	-1.922	30.617
5.998	-2.935	29.609
5.999	-2.935	28.601
6.000	-2.935	28.601
6.001	-2.935	28.601
6.002	-2.935	28.601
6.003	-3.949	27.593
6.004	-3.949	27.593
6.005	-3.949	26.585
6.006	-3.949	26.585
6.007	-3.949	24.568
6.008	-3.949	25.577
6.009	-4.963	24.568
6.010	-4.963	25.577
6.011	-4.963	24.568
6.012	-4.963	24.568
6.013	-5.977	23.560
6.014	-4.963	23.560
6.015	-5.977	23.560
6.016	-5.977	23.560
6.017	-5.977	23.560
6.018	-5.977	23.560
6.019	-6.990	23.560
6.020	-6.990	22.552
6.021	-6.990	22.552
6.022	-8.004	21.544
6.023	-8.004	22.552
6.024	-6.990	22.552
6.025	-8.004	21.544
6.026	-8.004	21.544
6.027	-8.004	21.544
6.028	-8.004	22.552
6.029	-8.004	22.552
6.030	-8.004	21.544
6.031	-9.018	21.544
6.032	-9.018	21.544
6.033	-9.018	21.544
6.034	-9.018	21.544
6.035	-9.018	21.544
6.036	-9.018	21.544
6.037	-10.031	21.544
6.038	-9.018	21.544
6.039	-9.018	21.544
6.040	-10.031	21.544
6.041	-9.018	21.544
6.042	-10.031	20.536
6.043	-10.031	21.544
6.044	-10.031	21.544
6.045	-10.031	22.552
6.046	-10.031	21.544
6.047	-11.045	22.552
6.048	-11.045	21.544
6.049	-12.059	20.536
6.050	-10.031	21.544
6.051	-12.059	21.544
6.052	-11.045	21.544
6.053	-12.059	21.544
6.054	-11.045	20.536
6.055	-12.059	21.544
6.056	-12.059	21.544
6.057	-11.045	20.536
6.058	-11.045	21.544
6.059	-12.059	21.544
6.060	-12.059	20.536
6.061	-12.059	20.536
6.062	-11.045	20.536
6.063	-12.059	20.536
6.064	-11.045	21.544
6.065	-12.059	20.536
6.066	-12.059	20.536
6.067	-11.045	20.536
6.068	-12.059	20.536
6.069	-12.059	19.528
6.070	-12.059	19.528
6.071	-11.045	19.528
6.072	-11.045	19.528
6.073	-12.059	19.528
6.074	-11.045	18.520
6.075	-11.045	19.528
6.076	-11.045	17.512
6.077	-11.045	18.520
6.078	-11.045	18.520
6.079	-12.059	18.520
6.080	-11.045	17.512
6.081	-10.031	17.512
6.082	-10.031	17.512
6.083	-11.045	17.512
6.084	-10.031	16.504
6.085	-10.031	16.504
6.086	-10.031	17.512
6.087	-10.031	16.504
6.088	-10.031	16.504
6.089	-10.031	16.504
6.090	-10.031	16.504
6.091	-10.031	16.504
6.092	-10.031	15.496
6.093	-10.031	16.504
6.094	-10.031	15.496
6.095	-10.031	16.504
6.096	-10.031	16.504
6.097	-10.031	15.496
6.098	-10.031	15.496
6.099	-10.031	15.496
6.100	-10.031	15.496
6.101	-10.031	14.487
6.102	-10.031	15.496
6.103	-10.031	15.496
6.104	-10.031	15.496
6.105	-10.031	15.496
6.106	-10.031	14.487
6.107	-10.031	14.487
6.108	-10.031	14.487
6.109	-10.031	14.487
6.110	-11.045	14.487
6.111	-10.031	14.487
6.112	-10.031	13.479
6.113	-10.031	14.487
6.114	-10.031	15.496
6.115	-10.031	13.479
6.116	-10.031	14.487
6.117	-10.031	13.479
6.118	-10.031	13.479
6.119	-10.031	13.479
6.120	-10.031	13.479
6.121	-10.031	13.479
6.122	-10.031	13.479
6.123	-10.031	14.487
6.124	-10.031	12.471
6.125	-10.031	12.471
6.126	-10.031	13.479
6.127	-11.045	12.471
6.128	-10.031	12.471
6.129	-10.031	12.471
6.130	-11.045	12.471
6.131	-11.045	12.471
6.132	-11.045	12.471
6.133	-11.045	12.471
6.134	-11.045	11.463
6.135	-10.031	12.471
6.136	-11.045	12.471
6.137	-11.045	12.471
6.138	-12.059	12.471
6.139	-11.045	12.471
6.140	-11.045	13.479
6.141	-10.031	12.471
6.142	-12.059	12.471
6.143	-12.059	11.463
6.144	-11.045	11.463
6.145	-12.059	11.463
6.146	-12.059	12.471
6.147	-12.059	12.471
6.148	-11.045	12.471
6.149	-12.059	11.463
6.150	-11.045	12.471
6.151	-12.059	11.463
6.152	-12.059	12.471
6.153	-12.059	11.463
6.154	-12.059	11.463
6.155	-12.059	11.463
6.156	-12.059	11.463
6.157	-12.059	11.463
6.158	-12.059	11.463
6.159	-12.059	11.463
6.160	-12.059	12.471
6.161	-13.072	10.455
6.162	-12.059	11.463
6.163	-13.072	11.463
6.164	-13.072	11.463
6.165	-12.059	11.463
6.166	-12.059	11.463
6.167	-12.059	10.455
6.168	-12.059	11.463
6.169	-13.072	10.455
6.170	-13.072	11.463
6.171	-12.059	11.463
6.172	-13.072	10.455
6.173	-12.059	10.455
6.174	-12.059	10.455
6.175	-12.059	10.455
6.176	-13.072	10.455
6.177	-13.072	10.455
6.178	-13.072	10.455
6.179	-13.072	10.455
6.180	-12.059	10.455
6.181	-12.059	10.455
6.182	-13.072	10.455
6.183	-13.072	10.455
6.184	-13.072	10.455
6.185	-12.059	9.447
6.186	-13.072	10.455
6.187	-13.072	9.447
6.188	-13.072	10.455
6.189	-13.072	9.447
6.190	-13.072	9.447
6.191	-13.072	9.447
6.192	-13.072	9.447
6.193	-12.059	9.447
6.194	-12.059	9.447
6.195	-13.072	8.439
6.196	-13.072	10.455
6.197	-13.072	9.447
6.198	-13.072	9.447
6.199	-13.072	9.447
6.200	-13.072	8.439
6.201	-13.072	8.439
6.202	-13.072	8.439
6.203	-13.072	8.439
6.204	-13.072	8.439
6.205	-13.072	8.439
6.206	-13.072	8.439
6.207	-13.072	9.447
6.208	-13.072	9.447
6.209	-13.072	8.439
6.210	-13.072	10.455
6.211	-13.072	8.439
6.212	-12.059	8.439
6.213	-13.072	8.439
6.214	-13.072	9.447
6.215	-13.072	8.439
6.216	-13.072	8.439
6.217	-13.072	8.439
6.218	-13.072	8.439
6.219	-13.072	8.439
6.220	-14.086	8.439
6.221	-13.072	8.439
6.222	-13.072	8.439
6.223	-13.072	7.431
6.224	-14.086	8.439
6.225	-13.072	8.439
6.226	-14.086	8.439
6.227	-13.072	7.431
6.228	-13.072	8.439
6.229	-13.072	8.439
6.230	-13.072	7.431
6.231	-13.072	7.431
6.232	-14.086	7.431
6.233	-14.086	7.431
6.234	-14.086	7.431
6.235	-13.072	6.423
6.236	-14.086	7.431
6.237	-14.086	7.431
6.238	-13.072	7.431
6.239	-14.086	7.431
6.240	-14.086	7.431
6.241	-13.072	7.431
6.242	-14.086	7.431
6.243	-14.086	7.431
6.244	-14.086	7.431
6.245	-14.086	7.431
6.246	-14.086	7.431
6.247	-14.086	7.431
6.248	-14.086	7.431
6.249	-14.086	7.431
6.250	-14.086	7.431
6.251	-13.072	7.431
6.252	-14.086	7.431
6.253	-14.086	7.431
6.254	-14.086	7.431
6.255	-14.086	6.423
6.256	-14.086	6.423
6.257	-14.086	6.423
6.258	-14.086	6.423
6.259	-15.100	6.423
6.260	-14.086	6.423
6.261	-13.072	7.431
6.262	-14.086	6.423
6.263	-15.100	6.423
6.264	-14.086	6.423
6.265	-15.100	6.423
6.266	-14.086	5.415
6.267	-14.086	5.415
6.268	-15.100	5.415
6.269	-15.100	5.415
6.270	-15.100	5.415
6.271	-14.086	5.415
6.272	-14.086	5.415
6.273	-15.100	4.406
6.274	-14.086	5.415
6.275	-15.100	5.415
6.276	-15.100	4.406
6.277	-15.100	4.406
6.278	-15.100	4.406
6.279	-15.100	4.406
6.280	-14.086	4.406
6.281	-15.100	4.406
6.282	-14.086	5.415
6.283	-15.100	5.415
6.284	-16.113	4.406
6.285	-15.100	4.406
6.286	-15.100	4.406
6.287	-14.086	4.406
6.288	-14.086	4.406
6.289	-14.086	4.406
6.290	-15.100	4.406
6.291	-14.086	4.406
6.292	-14.086	3.398
6.293	-15.100	4.406
6.294	-15.100	4.406
6.295	-15.100	4.406
6.296	-15.100	4.406
6.297	-15.100	4.406
6.298	-15.100	4.406
6.299	-14.086	4.406
6.300	-15.100	3.398
6.301	-14.086	4.406
6.302	-15.100	4.406
6.303	-15.100	3.398
6.304	-13.072	4.406
6.305	-15.100	4.406
6.306	-15.100	4.406
6.307	-15.100	4.406
6.308	-15.100	4.406
6.309	-14.086	3.398
6.310	-15.100	4.406
6.311	-15.100	4.406
6.312	-15.100	4.406
6.313	-15.100	4.406
6.314	-15.100	4.406
6.315	-15.100	3.398
6.316	-15.100	4.406
6.317	-14.086	4.406
6.318	-15.100	3.398
6.319	-15.100	4.406
6.320	-14.086	4.406
6.321	-14.086	4.406
6.322	-15.100	4.406
6.323	-14.086	4.406
6.324	-15.100	4.406
6.325	-15.100	4.406
6.326	-15.100	3.398
6.327	-16.113	3.398
6.328	-15.100	4.406
6.329	-15.100	4.406
6.330	-15.100	4.406
6.331	-14.086	4.406
6.332	-15.100	4.406
6.333	-15.100	4.406
6.334	-15.100	3.398
6.335	-15.100	3.398
6.336	-15.100	4.406
6.337	-15.100	4.406
6.338	-15.100	4.406
6.339	-15.100	4.406
6.340	-15.100	4.406
6.341	-15.100	4.406
6.342	-15.100	4.406
6.343	-15.100	4.406
6.344	-14.086	4.406
6.345	-15.100	4.406
6.346	-15.100	4.406
6.347	-15.100	4.406
6.348	-15.100	3.398
6.349	-15.100	4.406
6.350	-15.100	4.406
6.351	-15.100	4.406
6.352	-15.100	3.398
6.353	-16.113	3.398
6.354	-16.113	3.398
6.355	-16.113	3.398
6.356	-16.113	4.406
6.357	-16.113	3.398
6.358	-16.113	3.398
6.359	-16.113	3.398
6.360	-16.113	3.398
6.361	-16.113	3.398
6.362	-16.113	3.398
6.363	-16.113	3.398
6.364	-16.113	3.398
6.365	-16.113	3.398
6.366	-16.113	3.398
6.367	-16.113	2.390
6.368	-16.113	3.398
6.369	-16.113	2.390
6.370	-16.113	2.390
6.371	-16.113	2.390
6.372	-16.113	2.390
6.373	-16.113	2.390
6.374	-16.113	3.398
6.375	-16.113	2.390
6.376	-16.113	2.390
6.377	-16.113	1.382
6.378	-16.113	1.382
6.379	-16.113	1.382
6.380	-16.113	1.382
6.381	-16.113	1.382
6.382	-16.113	1.382
6.383	-17.127	1.382
6.384	-17.127	1.382
6.385	-17.127	0.374
6.386	-16.113	2.390
6.387	-16.113	0.374
6.388	-17.127	0.374
6.389	-17.127	0.374
6.390	-17.127	0.374
6.391	-17.127	0.374
6.392	-17.127	1.382
6.393	-17.127	0.374
6.394	-17.127	0.374
6.395	-16.113	0.374
6.396	-16.113	0.374
6.397	-16.113	0.374
6.398	-17.127	0.374
6.399	-16.113	0.374
6.400	-16.113	-0.634
6.401	-16.113	-0.634
6.402	-16.113	-0.634
6.403	-16.113	0.374
6.404	-15.100	-0.634
6.405	-16.113	-0.634
6.406	-16.113	-0.634
6.407	-17.127	0.374
6.408	-16.113	-0.634
6.409	-16.113	0.374
6.410	-16.113	0.374
6.411	-17.127	-0.634
6.412	-17.127	-0.634
6.413	-16.113	-0.634
6.414	-16.113	-0.634
6.415	-17.127	-0.634
6.416	-17.127	-0.634
6.417	-16.113	-0.634
6.418	-16.113	-0.634
6.419	-17.127	-0.634
6.420	-16.113	-0.634
6.421	-17.127	-1.642
6.422	-17.127	-0.634
6.423	-17.127	-0.634
6.424	-16.113	-1.642
6.425	-17.127	-0.634
6.426	-17.127	-0.634
6.427	-16.113	-0.634
6.428	-16.113	-0.634
6.429	-17.127	-0.634
6.430	-16.113	-0.634
6.431	-17.127	-0.634
6.432	-17.127	-0.634
6.433	-17.127	-0.634
6.434	-15.100	-0.634
6.435	-17.127	-0.634
6.436	-17.127	-0.634
6.437	-16.113	-0.634
6.438	-17.127	-0.634
6.439	-17.127	-0.634
6.440	-16.113	-0.634
6.441	-17.127	-0.634
6.442	-17.127	-1.642
6.443	-17.127	-0.634
6.444	-18.141	-0.634
6.445	-17.127	-0.634
6.446	-17.127	-1.642
6.447	-17.127	-0.634
6.448	-17.127	-2.650
6.449	-16.113	-0.634
6.450	-17.127	-1.642
6.451	-17.127	-1.642
6.452	-17.127	-1.642
6.453	-17.127	-1.642
6.454	-17.127	-1.642
6.455	-17.127	-1.642
6.456	-17.127	-1.642
6.457	-17.127	-2.650
6.458	-17.127	-1.642
6.459	-17.127	-1.642
6.460	-17.127	-1.642
6.461	-17.127	-1.642
6.462	-17.127	-1.642
6.463	-17.127	-1.642
6.464	-17.127	-2.650
6.465	-17.127	-2.650
6.466	-17.127	-2.650
6.467	-17.127	-1.642
6.468	-17.127	-1.642
6.469	-17.127	-1.642
6.470	-17.127	-2.650
6.471	-17.127	-1.642
6.472	-17.127	-2.650
6.473	-18.141	-2.650
6.474	-18.141	-2.650
6.475	-17.127	-3.658
6.476	-18.141	-2.650
6.477	-18.141	-2.650
6.478	-18.141	-2.650
6.479	-18.141	-1.642
6.480	-18.141	-2.650
6.481	-18.141	-2.650
6.482	-18.141	-3.658
6.483	-18.141	-2.650
6.484	-18.141	-3.658
6.485	-18.141	-2.650
6.486	-18.141	-3.658
6.487	-18.141	-2.650
6.488	-18.141	-3.658
6.489	-18.141	-3.658
6.490	-18.141	-3.658
6.491	-18.141	-3.658
6.492	-18.141	-3.658
6.493	-19.154	-3.658
6.494	-19.154	-4.666
6.495	-18.141	-3.658
6.496	-18.141	-3.658
6.497	-18.141	-3.658
6.498	-19.154	-3.658
6.499	-18.141	-3.658
6.500	-19.154	-3.658
6.501	-19.154	-4.666
6.502	-19.154	-3.658
6.503	-18.141	-3.658
6.504	-18.141	-3.658
6.505	-18.141	-4.666
6.506	-19.154	-3.658
6.507	-19.154	-4.666
6.508	-19.154	-3.658
6.509	-19.154	-3.658
6.510	-19.154	-3.658
6.511	-19.154	-4.666
6.512	-19.154	-4.666
6.513	-19.154	-3.658
6.514	-19.154	-4.666
6.515	-19.154	-4.666
6.516	-19.154	-3.658
6.517	-19.154	-4.666
6.518	-20.168	-4.666
6.519	-19.154	-4.666
6.520	-19.154	-4.666
6.521	-19.154	-4.666
6.522	-19.154	-4.666
6.523	-19.154	-5.675
6.524	-19.154	-5.675
6.525	-20.168	-5.675
6.526	-20.168	-5.675
6.527	-19.154	-5.675
6.528	-20.168	-5.675
6.529	-20.168	-5.675
6.530	-19.154	-5.675
6.531	-20.168	-5.675
6.532	-20.168	-4.666
6.533	-20.168	-5.675
6.534	-20.168	-5.675
6.535	-20.168	-6.683
6.536	-20.168	-6.683
6.537	-20.168	-6.683
6.538	-20.168	-6.683
6.539	-20.168	-6.683
6.540	-20.168	-5.675
6.541	-20.168	-6.683
6.542	-20.168	-5.675
6.543	-20.168	-6.683
6.544	-21.182	-6.683
6.545	-20.168	-7.691
6.546	-20.168	-6.683
6.547	-20.168	-7.691
6.548	-20.168	-7.691
6.549	-20.168	-6.683
6.550	-21.182	-7.691
6.551	-21.182	-7.691
6.552	-21.182	-7.691
6.553	-21.182	-7.691
6.554	-20.168	-8.699
6.555	-21.182	-8.699
6.556	-21.182	-7.691
6.557	-21.182	-7.691
6.558	-21.182	-7.691
6.559	-21.182	-7.691
6.560	-21.182	-7.691
6.561	-21.182	-7.691
6.562	-21.182	-7.691
6.563	-21.182	-7.691
6.564	-21.182	-8.699
6.565	-22.195	-7.691
6.566	-21.182	-7.691
6.567	-22.195	-7.691
6.568	-22.195	-8.699
6.569	-22.195	-7.691
6.570	-21.182	-8.699
6.571	-22.195	-7.691
6.572	-22.195	-8.699
6.573	-22.195	-7.691
6.574	-23.209	-7.691
6.575	-22.195	-6.683
6.576	-22.195	-8.699
6.577	-23.209	-7.691
6.578	-22.195	-7.691
6.579	-22.195	-7.691
6.580	-22.195	-9.707
6.581	-23.209	-8.699
6.582	-23.209	-8.699
6.583	-23.209	-7.691
6.584	-23.209	-8.699
6.585	-22.195	-7.691
6.586	-23.209	-7.691
6.587	-23.209	-7.691
6.588	-23.209	-7.691
6.589	-23.209	-7.691
6.590	-24.223	-8.699
6.591	-23.209	-7.691
6.592	-24.223	-7.691
6.593	-24.223	-7.691
6.594	-24.223	-7.691
6.595	-24.223	-8.699
6.596	-23.209	-7.691
6.597	-24.223	-8.699
6.598	-24.223	-7.691
6.599	-24.223	-7.691
6.600	-23.209	-8.699
6.601	-24.223	-8.699
6.602	-24.223	-7.691
6.603	-24.223	-7.691
6.604	-25.237	-7.691
6.605	-24.223	-8.699
6.606	-24.223	-8.699
6.607	-24.223	-7.691
6.608	-25.237	-8.699
6.609	-24.223	-7.691
6.610	-24.223	-7.691
6.611	-25.237	-8.699
6.612	-23.209	-8.699
6.613	-25.237	-7.691
6.614	-25.237	-9.707
6.615	-24.223	-8.699
6.616	-25.237	-7.691
6.617	-25.237	-8.699
6.618	-25.237	-8.699
6.619	-24.223	-8.699
6.620	-25.237	-8.699
6.621	-25.237	-8.699
6.622	-25.237	-8.699
6.623	-25.237	-8.699
6.624	-25.237	-9.707
6.625	-25.237	-8.699
6.626	-25.237	-8.699
6.627	-25.237	-8.699
6.628	-25.237	-8.699
6.629	-25.237	-8.699
6.630	-25.237	-8.699
6.631	-25.237	-8.699
6.632	-25.237	-9.707
6.633	-25.237	-9.707
6.634	-27.264	-8.699
6.635	-26.250	-8.699
6.636	-26.250	-8.699
6.637	-25.237	-8.699
6.638	-26.250	-9.707
6.639	-26.250	-8.699
6.640	-26.250	-9.707
6.641	-26.250	-10.715
6.642	-26.250	-8.699
6.643	-25.237	-10.715
6.644	-26.250	-8.699
6.645	-26.250	-9.707
6.646	-25.237	-9.707
6.647	-26.250	-9.707
6.648	-26.250	-9.707
6.649	-26.250	-9.707
6.650	-27.264	-10.715
6.651	-26.250	-9.707
6.652	-26.250	-9.707
6.653	-26.250	-9.707
6.654	-26.250	-10.715
6.655	-26.250	-9.707
6.656	-27.264	-9.707
6.657	-26.250	-10.715
6.658	-27.264	-10.715
6.659	-27.264	-9.707
6.660	-27.264	-10.715
6.661	-27.264	-10.715
6.662	-27.264	-10.715
6.663	-27.264	-10.715
6.664	-26.250	-10.715
6.665	-27.264	-10.715
6.666	-27.264	-10.715
6.667	-27.264	-10.715
6.668	-28.278	-10.715
6.669	-27.264	-10.715
6.670	-27.264	-10.715
6.671	-28.278	-10.715
6.672	-28.278	-11.723
6.673	-28.278	-11.723
6.674	-28.278	-10.715
6.675	-27.264	-11.723
6.676	-28.278	-11.723
6.677	-27.264	-11.723
6.678	-28.278	-11.723
6.679	-28.278	-10.715
6.680	-28.278	-11.723
6.681	-28.278	-11.723
6.682	-28.278	-11.723
6.683	-28.278	-11.723
6.684	-28.278	-11.723
6.685	-28.278	-11.723
6.686	-28.278	-12.731
6.687	-28.278	-11.723
6.688	-28.278	-11.723
6.689	-29.291	-11.723
6.690	-28.278	-12.731
6.691	-29.291	-11.723
6.692	-28.278	-12.731
6.693	-28.278	-12.731
6.694	-28.278	-12.731
6.695	-29.291	-11.723
6.696	-28.278	-12.731
6.697	-29.291	-11.723
6.698	-28.278	-12.731
6.699	-28.278	-12.731
6.700	-29.291	-12.731
6.701	-28.278	-12.731
6.702	-29.291	-11.723
6.703	-29.291	-12.731
6.704	-29.291	-11.723
6.705	-29.291	-11.723
6.706	-28.278	-11.723
6.707	-29.291	-12.731
6.708	-29.291	-12.731
6.709	-28.278	-12.731
6.710	-29.291	-12.731
6.711	-29.291	-12.731
6.712	-29.291	-12.731
6.713	-29.291	-11.723
6.714	-29.291	-12.731
6.715	-29.291	-11.723
6.716	-29.291	-13.739
6.717	-29.291	-12.731
6.718	-29.291	-12.731
6.719	-29.291	-12.731
6.720	-29.291	-11.723
6.721	-30.305	-12.731
6.722	-29.291	-12.731
6.723	-29.291	-12.731
6.724	-28.278	-12.731
6.725	-29.291	-12.731
6.726	-29.291	-11.723
6.727	-29.291	-12.731
6.728	-30.305	-12.731
6.729	-29.291	-12.731
6.730	-29.291	-12.731
6.731	-30.305	-11.723
6.732	-29.291	-12.731
6.733	-29.291	-12.731
6.734	-29.291	-12.731
6.735	-29.291	-13.739
6.736	-29.291	-12.731
6.737	-30.305	-12.731
6.738	-30.305	-12.731
6.739	-30.305	-12.731
6.740	-30.305	-12.731
6.741	-29.291	-12.731
6.742	-29.291	-12.731
6.743	-30.305	-12.731
6.744	-30.305	-12.731
6.745	-30.305	-12.731
6.746	-30.305	-12.731
6.747	-30.305	-13.739
6.748	-30.305	-12.731
6.749	-29.291	-12.731
6.750	-30.305	-12.731
6.751	-30.305	-12.731
6.752	-30.305	-12.731
6.753	-31.319	-13.739
6.754	-31.319	-12.731
6.755	-30.305	-13.739
6.756	-30.305	-13.739
6.757	-31.319	-13.739
6.758	-31.319	-12.731
6.759	-30.305	-13.739
6.760	-30.305	-13.739
6.761	-30.305	-13.739
6.762	-31.319	-12.731
6.763	-30.305	-13.739
6.764	-30.305	-12.731
6.765	-31.319	-12.731
6.766	-31.319	-13.739
6.767	-30.305	-13.739
6.768	-31.319	-13.739
6.769	-31.319	-13.739
6.770	-31.319	-13.739
6.771	-31.319	-13.739
6.772	-31.319	-13.739
6.773	-31.319	-13.739
6.774	-32.332	-13.739
6.775	-30.305	-13.739
6.776	-31.319	-13.739
6.777	-31.319	-13.739
6.778	-31.319	-13.739
6.779	-31.319	-13.739
6.780	-32.332	-13.739
6.781	-30.305	-13.739
6.782	-32.332	-13.739
6.783	-31.319	-13.739
6.784	-32.332	-13.739
6.785	-31.319	-13.739
6.786	-32.332	-13.739
6.787	-31.319	-13.739
6.788	-31.319	-14.747
6.789	-32.332	-14.747
6.790	-31.319	-13.739
6.791	-31.319	-13.739
6.792	-31.319	-13.739
6.793	-32.332	-14.747
6.794	-31.319	-13.739
6.795	-32.332	-14.747
6.796	-32.332	-14.747
6.797	-32.332	-13.739
6.798	-32.332	-13.739
6.799	-32.332	-14.747
6.800	-32.332	-14.747
6.801	-32.332	-14.747
6.802	-31.319	-14.747
6.803	-32.332	-13.739
6.804	-32.332	-14.747
6.805	-32.332	-14.747
6.806	-32.332	-14.747
6.807	-32.332	-13.739
6.808	-32.332	-14.747
6.809	-32.332	-13.739
6.810	-32.332	-14.747
6.811	-32.332	-14.747
6.812	-33.346	-15.756
6.813	-32.332	-14.747
6.814	-32.332	-14.747
6.815	-32.332	-14.747
6.816	-32.332	-14.747
6.817	-32.332	-14.747
6.818	-32.332	-13.739
6.819	-32.332	-15.756
6.820	-32.332	-14.747
6.821	-32.332	-15.756
6.822	-33.346	-15.756
6.823	-33.346	-15.756
6.824	-33.346	-15.756
6.825	-32.332	-15.756
6.826	-32.332	-15.756
6.827	-32.332	-13.739
6.828	-32.332	-15.756
6.829	-32.332	-15.756
6.830	-33.346	-15.756
6.831	-33.346	-15.756
6.832	-32.332	-15.756
6.833	-33.346	-15.756
6.834	-32.332	-15.756
6.835	-32.332	-15.756
6.836	-33.346	-15.756
6.837	-33.346	-15.756
6.838	-32.332	-15.756
6.839	-33.346	-15.756
6.840	-33.346	-15.756
6.841	-33.346	-15.756
6.842	-33.346	-15.756
6.843	-33.346	-15.756
6.844	-32.332	-15.756
6.845	-33.346	-14.747
6.846	-33.346	-15.756
6.847	-33.346	-15.756
6.848	-33.346	-15.756
6.849	-33.346	-15.756
6.850	-33.346	-15.756
6.851	-33.346	-15.756
6.852	-33.346	-15.756
6.853	-33.346	-15.756
6.854	-32.332	-15.756
6.855	-32.332	-15.756
6.856	-33.346	-15.756
6.857	-33.346	-15.756
6.858	-33.346	-15.756
6.859	-33.346	-15.756
6.860	-33.346	-15.756
6.861	-33.346	-15.756
6.862	-33.346	-15.756
6.863	-33.346	-15.756
6.864	-33.346	-15.756
6.865	-33.346	-15.756
6.866	-34.360	-15.756
6.867	-33.346	-15.756
6.868	-33.346	-15.756
6.869	-33.346	-15.756
6.870	-33.346	-14.747
6.871	-33.346	-15.756
6.872	-33.346	-15.756
6.873	-33.346	-15.756
6.874	-33.346	-16.764
6.875	-33.346	-17.772
6.876	-33.346	-15.756
6.877	-33.346	-15.756
6.878	-33.346	-15.756
6.879	-33.346	-15.756
6.880	-33.346	-15.756
6.881	-33.346	-15.756
6.882	-33.346	-15.756
6.883	-33.346	-15.756
6.884	-32.332	-15.756
6.885	-32.332	-16.764
6.886	-33.346	-15.756
6.887	-33.346	-15.756
6.888	-33.346	-15.756
6.889	-33.346	-15.756
6.890	-33.346	-15.756
6.891	-33.346	-15.756
6.892	-34.360	-15.756
6.893	-33.346	-15.756
6.894	-33.346	-15.756
6.895	-33.346	-15.756
6.896	-33.346	-15.756
6.897	-33.346	-14.747
6.898	-32.332	-15.756
6.899	-33.346	-15.756
6.900	-33.346	-15.756
6.901	-33.346	-15.756
6.902	-33.346	-15.756
6.903	-34.360	-15.756
6.904	-33.346	-15.756
6.905	-33.346	-15.756
6.906	-33.346	-15.756
6.907	-33.346	-15.756
6.908	-34.360	-15.756
6.909	-33.346	-15.756
6.910	-33.346	-15.756
6.911	-33.346	-15.756
6.912	-33.346	-15.756
6.913	-34.360	-15.756
6.914	-33.346	-15.756
6.915	-33.346	-15.756
6.916	-33.346	-15.756
6.917	-34.360	-15.756
6.918	-33.346	-15.756
6.919	-33.346	-15.756
6.920	-34.360	-15.756
6.921	-33.346	-15.756
6.922	-34.360	-15.756
6.923	-34.360	-15.756
6.924	-34.360	-15.756
6.925	-34.360	-16.764
6.926	-33.346	-15.756
6.927	-34.360	-15.756
6.928	-33.346	-15.756
6.929	-34.360	-15.756
6.930	-33.346	-15.756
6.931	-33.346	-15.756
6.932	-34.360	-15.756
6.933	-34.360	-15.756
6.934	-33.346	-15.756
6.935	-34.360	-15.756
6.936	-34.360	-15.756
6.937	-33.346	-15.756
6.938	-34.360	-15.756
6.939	-33.346	-15.756
6.940	-34.360	-15.756
6.941	-34.360	-15.756
6.942	-34.360	-15.756
6.943	-34.360	-15.756
6.944	-33.346	-15.756
6.945	-34.360	-15.756
6.946	-34.360	-15.756
6.947	-34.360	-15.756
6.948	-33.346	-15.756
6.949	-34.360	-15.756
6.950	-34.360	-16.764
6.951	-34.360	-15.756
6.952	-34.360	-15.756
6.953	-34.360	-15.756
6.954	-34.360	-15.756
6.955	-34.360	-15.756
6.956	-34.360	-16.764
6.957	-34.360	-16.764
6.958	-34.360	-16.764
6.959	-35.373	-16.764
6.960	-35.373	-15.756
6.961	-34.360	-15.756
6.962	-34.360	-16.764
6.963	-34.360	-14.747
6.964	-35.373	-15.756
6.965	-35.373	-15.756
6.966	-35.373	-15.756
6.967	-35.373	-16.764
6.968	-35.373	-17.772
6.969	-34.360	-15.756
6.970	-34.360	-15.756
6.971	-35.373	-15.756
6.972	-35.373	-15.756
6.973	-35.373	-15.756
6.974	-35.373	-16.764
6.975	-35.373	-16.764
6.976	-35.373	-15.756
6.977	-35.373	-15.756
6.978	-35.373	-16.764
6.979	-36.387	-16.764
6.980	-35.373	-16.764
6.981	-35.373	-16.764
6.982	-35.373	-16.764
6.983	-35.373	-16.764
6.984	-35.373	-16.764
6.985	-36.387	-16.764
6.986	-36.387	-16.764
6.987	-35.373	-16.764
6.988	-35.373	-15.756
6.989	-36.387	-16.764
6.990	-35.373	-17.772
6.991	-34.360	-17.772
6.992	-36.387	-16.764
6.993	-36.387	-17.772
6.994	-35.373	-16.764
6.995	-36.387	-17.772
6.996	-36.387	-16.764
6.997	-36.387	-16.764
6.998	-36.387	-17.772
6.999	-36.387	-17.772
7.000	-36.387	-17.772
7.001	-36.387	-17.772
7.002	-36.387	-17.772
7.003	-36.387	-17.772
7.004	-35.373	-16.764
7.005	-36.387	-17.772
7.006	-36.387	-15.756
7.007	-36.387	-17.772
7.008	-36.387	-17.772
7.009	-36.387	-17.772
7.010	-36.387	-17.772
7.011	-36.387	-17.772
7.012	-36.387	-17.772
7.013	-36.387	-17.772
7.014	-37.401	-18.780
7.015	-36.387	-17.772
7.016	-36.387	-17.772
7.017	-36.387	-17.772
7.018	-37.401	-17.772
7.019	-37.401	-17.772
7.020	-37.401	-17.772
7.021	-36.387	-18.780
7.022	-36.387	-18.780
7.023	-36.387	-17.772
7.024	-36.387	-17.772
7.025	-37.401	-17.772
7.026	-37.401	-17.772
7.027	-37.401	-17.772
7.028	-37.401	-18.780
7.029	-37.401	-18.780
7.030	-37.401	-17.772
7.031	-37.401	-17.772
7.032	-37.401	-18.780
7.033	-36.387	-17.772
7.034	-37.401	-17.772
7.035	-37.401	-17.772
7.036	-37.401	-17.772
7.037	-37.401	-18.780
7.038	-37.401	-17.772
7.039	-37.401	-18.780
7.040	-37.401	-17.772
7.041	-37.401	-19.788
7.042	-37.401	-18.780
7.043	-37.401	-18.780
7.044	-37.401	-18.780
7.045	-37.401	-18.780
7.046	-37.401	-17.772
7.047	-37.401	-17.772
7.048	-37.401	-17.772
7.049	-37.401	-17.772
7.050	-37.401	-18.780
7.051	-37.401	-18.780
7.052	-37.401	-18.780
7.053	-37.401	-18.780
7.054	-38.414	-17.772
7.055	-37.401	-18.780
7.056	-37.401	-18.780
7.057	-37.401	-17.772
7.058	-38.414	-18.780
7.059	-37.401	-18.780
7.060	-37.401	-18.780
7.061	-38.414	-17.772
7.062	-37.401	-18.780
7.063	-37.401	-17.772
7.064	-37.401	-17.772
7.065	-37.401	-18.780
7.066	-38.414	-18.780
7.067	-38.414	-18.780
7.068	-37.401	-18.780
7.069	-39.428	-18.780
7.070	-38.414	-18.780
7.071	-38.414	-19.788
7.072	-38.414	-18.780
7.073	-38.414	-18.780
7.074	-39.428	-18.780
7.075	-38.414	-18.780
7.076	-38.414	-18.780
7.077	-39.428	-18.780
7.078	-39.428	-18.780
7.079	-38.414	-18.780
7.080	-39.428	-19.788
7.081	-38.414	-18.780
7.082	-38.414	-19.788
7.083	-38.414	-18.780
7.084	-39.428	-19.788
7.085	-38.414	-18.780
7.086	-39.428	-19.788
7.087	-39.428	-19.788
7.088	-39.428	-19.788
7.089	-40.442	-19.788
7.090	-38.414	-19.788
7.091	-39.428	-18.780
7.092	-39.428	-18.780
7.093	-39.428	-19.788
7.094	-39.428	-19.788
7.095	-38.414	-19.788
7.096	-39.428	-18.780
7.097	-39.428	-18.780
7.098	-39.428	-19.788
7.099	-38.414	-18.780
7.100	-39.428	-17.772
7.101	-39.428	-19.788
7.102	-39.428	-19.788
7.103	-40.442	-19.788
7.104	-39.428	-19.788
7.105	-40.442	-19.788
7.106	-39.428	-19.788
7.107	-39.428	-19.788
7.108	-39.428	-19.788
7.109	-39.428	-19.788
7.110	-40.442	-19.788
7.111	-40.442	-19.788
7.112	-40.442	-19.788
7.113	-40.442	-19.788
7.114	-39.428	-20.796
7.115	-40.442	-19.788
7.116	-39.428	-19.788
7.117	-40.442	-19.788
7.118	-40.442	-19.788
7.119	-40.442	-19.788
7.120	-40.442	-19.788
7.121	-40.442	-19.788
7.122	-40.442	-19.788
7.123	-40.442	-19.788
7.124	-40.442	-19.788
7.125	-40.442	-19.788
7.126	-40.442	-19.788
7.127	-40.442	-19.788
7.128	-40.442	-20.796
7.129	-40.442	-19.788
7.130	-40.442	-19.788
7.131	-40.442	-19.788
7.132	-40.442	-20.796
7.133	-40.442	-20.796
7.134	-40.442	-19.788
7.135	-40.442	-19.788
7.136	-40.442	-19.788
7.137	-40.442	-19.788
7.138	-41.455	-20.796
7.139	-40.442	-20.796
7.140	-40.442	-19.788
7.141	-40.442	-20.796
7.142	-41.455	-20.796
7.143	-40.442	-20.796
7.144	-41.455	-20.796
7.145	-40.442	-19.788
7.146	-40.442	-20.796
7.147	-40.442	-21.804
7.148	-40.442	-20.796
7.149	-40.442	-19.788
7.150	-41.455	-20.796
7.151	-41.455	-20.796
7.152	-41.455	-19.788
7.153	-40.442	-20.796
7.154	-41.455	-19.788
7.155	-41.455	-19.788
7.156	-41.455	-20.796
7.157	-41.455	-21.804
7.158	-41.455	-19.788
7.159	-41.455	-20.796
7.160	-41.455	-20.796
7.161	-40.442	-20.796
7.162	-40.442	-20.796
7.163	-41.455	-19.788
7.164	-40.442	-20.796
7.165	-40.442	-20.796
7.166	-41.455	-19.788
7.167	-41.455	-22.812
7.168	-41.455	-20.796
7.169	-41.455	-20.796
7.170	-41.455	-20.796
7.171	-41.455	-20.796
7.172	-40.442	-19.788
7.173	-41.455	-20.796
7.174	-41.455	-20.796
7.175	-41.455	-20.796
7.176	-41.455	-20.796
7.177	-41.455	-20.796
7.178	-41.455	-20.796
7.179	-41.455	-20.796
7.180	-40.442	-20.796
7.181	-41.455	-20.796
7.182	-41.455	-20.796
7.183	-41.455	-19.788
7.184	-41.455	-20.796
7.185	-41.455	-20.796
7.186	-41.455	-20.796
7.187	-41.455	-20.796
7.188	-41.455	-20.796
7.189	-41.455	-20.796
7.190	-40.442	-20.796
7.191	-41.455	-20.796
7.192	-41.455	-21.804
7.193	-41.455	-20.796
7.194	-41.455	-20.796
7.195	-42.469	-20.796
7.196	-41.455	-21.804
7.197	-41.455	-20.796
7.198	-41.455	-21.804
7.199	-41.455	-20.796
7.200	-41.455	-20.796
7.201	-41.455	-20.796
7.202	-41.455	-20.796
7.203	-41.455	-20.796
7.204	-41.455	-20.796
7.205	-41.455	-21.804
7.206	-41.455	-20.796
7.207	-41.455	-21.804
7.208	-41.455	-21.804
7.209	-41.455	-21.804
7.210	-42.469	-23.820
7.211	-41.455	-21.804
7.212	-41.455	-21.804
7.213	-41.455	-20.796
7.214	-42.469	-20.796
7.215	-41.455	-21.804
7.216	-41.455	-21.804
7.217	-41.455	-20.796
7.218	-41.455	-21.804
7.219	-41.455	-20.796
7.220	-40.442	-22.812
7.221	-41.455	-21.804
7.222	-41.455	-20.796
7.223	-41.455	-20.796
7.224	-41.455	-21.804
7.225	-40.442	-20.796
7.226	-40.442	-20.796
7.227	-41.455	-20.796
7.228	-41.455	-20.796
7.229	-41.455	-21.804
7.230	-41.455	-20.796
7.231	-41.455	-21.804
7.232	-41.455	-20.796
7.233	-41.455	-20.796
7.234	-42.469	-21.804
7.235	-41.455	-20.796
7.236	-40.442	-21.804
7.237	-41.455	-21.804
7.238	-41.455	-20.796
7.239	-40.442	-20.796
7.240	-41.455	-21.804
7.241	-41.455	-20.796
7.242	-41.455	-20.796
7.243	-41.455	-20.796
7.244	-40.442	-20.796
7.245	-41.455	-20.796
7.246	-41.455	-20.796
7.247	-41.455	-20.796
7.248	-41.455	-20.796
7.249	-40.442	-20.796
7.250	-41.455	-20.796
7.251	-40.442	-20.796
7.252	-41.455	-20.796
7.253	-41.455	-20.796
7.254	-41.455	-20.796
7.255	-41.455	-21.804
7.256	-40.442	-20.796
7.257	-41.455	-21.804
7.258	-41.455	-21.804
7.259	-41.455	-20.796
7.260	-41.455	-20.796
7.261	-41.455	-20.796
7.262	-40.442	-20.796
7.263	-40.442	-20.796
7.264	-41.455	-20.796
7.265	-40.442	-19.788
7.266	-41.455	-20.796
7.267	-41.455	-21.804
7.268	-41.455	-21.804
7.269	-40.442	-20.796
7.270	-40.442	-21.804
7.271	-40.442	-20.796
7.272	-40.442	-20.796
7.273	-40.442	-20.796
7.274	-40.442	-20.796
7.275	-40.442	-20.796
7.276	-40.442	-20.796
7.277	-40.442	-20.796
7.278	-40.442	-20.796
7.279	-41.455	-20.796
7.280	-41.455	-21.804
7.281	-40.442	-20.796
7.282	-40.442	-21.804
7.283	-40.442	-20.796
7.284	-40.442	-20.796
7.285	-40.442	-20.796
7.286	-40.442	-20.796
7.287	-40.442	-20.796
7.288	-40.442	-20.796
7.289	-40.442	-20.796
7.290	-40.442	-20.796
7.291	-40.442	-21.804
7.292	-40.442	-20.796
7.293	-40.442	-20.796
7.294	-39.428	-20.796
7.295	-40.442	-20.796
7.296	-40.442	-20.796
7.297	-39.428	-20.796
7.298	-39.428	-19.788
7.299	-40.442	-19.788
7.300	-40.442	-20.796
7.301	-40.442	-20.796
7.302	-40.442	-20.796
7.303	-40.442	-20.796
7.304	-40.442	-20.796
7.305	-39.428	-20.796
7.306	-39.428	-20.796
7.307	-39.428	-20.796
7.308	-40.442	-20.796
7.309	-40.442	-21.804
7.310	-40.442	-20.796
7.311	-40.442	-20.796
7.312	-39.428	-20.796
7.313	-39.428	-20.796
7.314	-39.428	-19.788
7.315	-40.442	-19.788
7.316	-39.428	-19.788
7.317	-40.442	-19.788
7.318	-40.442	-20.796
7.319	-39.428	-19.788
7.320	-38.414	-20.796
7.321	-39.428	-19.788
7.322	-39.428	-19.788
7.323	-39.428	-20.796
7.324	-38.414	-19.788
7.325	-39.428	-20.796
7.326	-39.428	-19.788
7.327	-39.428	-20.796
7.328	-39.428	-18.780
7.329	-39.428	-19.788
7.330	-39.428	-19.788
7.331	-39.428	-19.788
7.332	-39.428	-19.788
7.333	-39.428	-20.796
7.334	-38.414	-19.788
7.335	-39.428	-19.788
7.336	-38.414	-19.788
7.337	-38.414	-19.788
7.338	-38.414	-19.788
7.339	-38.414	-19.788
7.340	-38.414	-19.788
7.341	-37.401	-19.788
7.342	-38.414	-19.788
7.343	-38.414	-21.804
7.344	-39.428	-19.788
7.345	-39.428	-19.788
7.346	-38.414	-19.788
7.347	-38.414	-19.788
7.348	-38.414	-19.788
7.349	-38.414	-19.788
7.350	-38.414	-19.788
7.351	-38.414	-19.788
7.352	-37.401	-19.788
7.353	-38.414	-19.788
7.354	-38.414	-20.796
7.355	-37.401	-19.788
7.356	-38.414	-19.788
7.357	-38.414	-19.788
7.358	-37.401	-20.796
7.359	-37.401	-19.788
7.360	-37.401	-19.788
7.361	-37.401	-19.788
7.362	-38.414	-20.796
7.363	-37.401	-19.788
7.364	-37.401	-19.788
7.365	-37.401	-19.788
7.366	-37.401	-20.796
7.367	-38.414	-19.788
7.368	-38.414	-19.788
7.369	-37.401	-20.796
7.370	-37.401	-20.796
7.371	-37.401	-19.788
7.372	-37.401	-20.796
7.373	-37.401	-19.788
7.374	-39.428	-19.788
7.375	-37.401	-20.796
7.376	-37.401	-20.796
7.377	-37.401	-19.788
7.378	-36.387	-19.788
7.379	-36.387	-20.796
7.380	-37.401	-20.796
7.381	-37.401	-21.804
7.382	-36.387	-19.788
7.383	-36.387	-20.796
7.384	-36.387	-20.796
7.385	-36.387	-20.796
7.386	-36.387	-20.796
7.387	-36.387	-20.796
7.388	-36.387	-19.788
7.389	-36.387	-19.788
7.390	-36.387	-20.796
7.391	-36.387	-19.788
7.392	-36.387	-20.796
7.393	-36.387	-19.788
7.394	-37.401	-20.796
7.395	-36.387	-19.788
7.396	-36.387	-19.788
7.397	-36.387	-20.796
7.398	-36.387	-19.788
7.399	-36.387	-20.796
7.400	-36.387	-19.788
7.401	-36.387	-19.788
7.402	-36.387	-19.788
7.403	-36.387	-19.788
7.404	-37.401	-19.788
7.405	-36.387	-19.788
7.406	-36.387	-19.788
7.407	-36.387	-19.788
7.408	-37.401	-20.796
7.409	-36.387	-19.788
7.410	-36.387	-19.788
7.411	-36.387	-19.788
7.412	-36.387	-19.788
7.413	-36.387	-19.788
7.414	-36.387	-19.788
7.415	-36.387	-19.788
7.416	-36.387	-21.804
7.417	-37.401	-19.788
7.418	-36.387	-19.788
7.419	-36.387	-19.788
7.420	-36.387	-19.788
7.421	-38.414	-19.788
7.422	-36.387	-19.788
7.423	-37.401	-19.788
7.424	-37.401	-20.796
7.425	-37.401	-19.788
7.426	-37.401	-20.796
7.427	-36.387	-20.796
7.428	-36.387	-19.788
7.429	-37.401	-19.788
7.430	-36.387	-19.788
7.431	-37.401	-18.780
7.432	-36.387	-20.796
7.433	-36.387	-20.796
7.434	-37.401	-20.796
7.435	-37.401	-20.796
7.436	-36.387	-20.796
7.437	-36.387	-20.796
7.438	-37.401	-19.788
7.439	-36.387	-19.788
7.440	-36.387	-19.788
7.441	-36.387	-19.788
7.442	-36.387	-20.796
7.443	-36.387	-20.796
7.444	-35.373	-19.788
7.445	-36.387	-19.788
7.446	-36.387	-20.796
7.447	-36.387	-20.796
7.448	-36.387	-20.796
7.449	-36.387	-20.796
7.450	-36.387	-20.796
7.451	-37.401	-20.796
7.452	-36.387	-20.796
7.453	-36.387	-20.796
7.454	-36.387	-20.796
7.455	-36.387	-19.788
7.456	-36.387	-20.796
7.457	-36.387	-20.796
7.458	-36.387	-19.788
7.459	-36.387	-20.796
7.460	-36.387	-20.796
7.461	-36.387	-19.788
7.462	-36.387	-19.788
7.463	-36.387	-19.788
7.464	-36.387	-19.788
7.465	-36.387	-19.788
7.466	-36.387	-20.796
7.467	-36.387	-19.788
7.468	-35.373	-19.788
7.469	-36.387	-19.788
7.470	-36.387	-19.788
7.471	-35.373	-19.788
7.472	-35.373	-19.788
7.473	-35.373	-18.780
7.474	-36.387	-19.788
7.475	-35.373	-19.788
7.476	-35.373	-19.788
7.477	-34.360	-18.780
7.478	-36.387	-19.788
7.479	-35.373	-18.780
7.480	-35.373	-18.780
7.481	-35.373	-18.780
7.482	-35.373	-18.780
7.483	-35.373	-18.780
7.484	-36.387	-18.780
7.485	-35.373	-18.780
7.486	-36.387	-18.780
7.487	-35.373	-19.788
7.488	-35.373	-18.780
7.489	-36.387	-20.796
7.490	-35.373	-18.780
7.491	-35.373	-17.772
7.492	-34.360	-18.780
7.493	-35.373	-18.780
7.494	-35.373	-16.764
7.495	-35.373	-17.772
7.496	-36.387	-18.780
7.497	-36.387	-17.772
7.498	-35.373	-17.772
7.499	-34.360	-19.788
7.500	-35.373	-16.764
7.501	-36.387	-17.772
7.502	-35.373	-17.772
7.503	-35.373	-17.772
7.504	-35.373	-17.772
7.505	-35.373	-17.772
7.506	-36.387	-17.772
7.507	-36.387	-17.772
7.508	-36.387	-17.772
7.509	-35.373	-18.780
7.510	-36.387	-17.772
7.511	-35.373	-17.772
7.512	-35.373	-16.764
7.513	-36.387	-17.772
7.514	-35.373	-16.764
7.515	-35.373	-17.772
7.516	-36.387	-17.772
7.517	-35.373	-17.772
7.518	-35.373	-17.772
7.519	-36.387	-17.772
7.520	-35.373	-17.772
7.521	-36.387	-17.772
7.522	-35.373	-17.772
7.523	-36.387	-17.772
7.524	-36.387	-17.772
7.525	-36.387	-16.764
7.526	-36.387	-17.772
7.527	-36.387	-16.764
7.528	-36.387	-17.772
7.529	-36.387	-17.772
7.530	-36.387	-17.772
7.531	-36.387	-18.780
7.532	-36.387	-18.780
7.533	-36.387	-18.780
7.534	-36.387	-17.772
7.535	-36.387	-17.772
7.536	-35.373	-17.772
7.537	-36.387	-18.780
7.538	-36.387	-18.780
7.539	-36.387	-18.780
7.540	-36.387	-18.780
7.541	-36.387	-18.780
7.542	-36.387	-19.788
7.543	-36.387	-18.780
7.544	-36.387	-17.772
7.545	-36.387	-17.772
7.546	-36.387	-18.780
7.547	-37.401	-18.780
7.548	-36.387	-18.780
7.549	-37.401	-18.780
7.550	-36.387	-18.780
7.551	-36.387	-18.780
7.552	-36.387	-18.780
7.553	-36.387	-18.780
7.554	-37.401	-18.780
7.555	-36.387	-18.780
7.556	-37.401	-18.780
7.557	-36.387	-16.764
7.558	-37.401	-18.780
7.559	-36.387	-18.780
7.560	-37.401	-19.788
7.561	-36.387	-18.780
7.562	-37.401	-20.796
7.563	-36.387	-18.780
7.564	-36.387	-19.788
7.565	-37.401	-18.780
7.566	-36.387	-18.780
7.567	-36.387	-18.780
7.568	-36.387	-18.780
7.569	-37.401	-19.788
7.570	-37.401	-19.788
7.571	-37.401	-18.780
7.572	-36.387	-19.788
7.573	-37.401	-19.788
7.574	-37.401	-20.796
7.575	-36.387	-18.780
7.576	-37.401	-19.788
7.577	-37.401	-19.788
7.578	-36.387	-19.788
7.579	-36.387	-19.788
7.580	-37.401	-19.788
7.581	-36.387	-19.788
7.582	-37.401	-19.788
7.583	-37.401	-20.796
7.584	-36.387	-19.788
7.585	-36.387	-19.788
7.586	-37.401	-19.788
7.587	-37.401	-18.780
7.588	-37.401	-19.788
7.589	-37.401	-19.788
7.590	-38.414	-19.788
7.591	-37.401	-19.788
7.592	-37.401	-20.796
7.593	-37.401	-19.788
7.594	-37.401	-19.788
7.595	-37.401	-19.788
7.596	-37.401	-19.788
7.597	-37.401	-19.788
7.598	-37.401	-19.788
7.599	-37.401	-19.788
7.600	-38.414	-19.788
7.601	-37.401	-19.788
7.602	-37.401	-19.788
7.603	-37.401	-19.788
7.604	-37.401	-19.788
7.605	-37.401	-20.796
7.606	-37.401	-19.788
7.607	-36.387	-19.788
7.608	-37.401	-19.788
7.609	-37.401	-19.788
7.610	-38.414	-20.796
7.611	-37.401	-19.788
7.612	-37.401	-19.788
7.613	-37.401	-19.788
7.614	-38.414	-19.788
7.615	-37.401	-19.788
7.616	-37.401	-19.788
7.617	-37.401	-19.788
7.618	-37.401	-19.788
7.619	-38.414	-19.788
7.620	-37.401	-19.788
7.621	-37.401	-19.788
7.622	-37.401	-19.788
7.623	-37.401	-19.788
7.624	-38.414	-19.788
7.625	-37.401	-19.788
7.626	-38.414	-19.788
7.627	-37.401	-19.788
7.628	-37.401	-20.796
7.629	-37.401	-19.788
7.630	-37.401	-19.788
7.631	-37.401	-19.788
7.632	-37.401	-19.788
7.633	-37.401	-19.788
7.634	-36.387	-19.788
7.635	-37.401	-19.788
7.636	-38.414	-19.788
7.637	-38.414	-19.788
7.638	-38.414	-19.788
7.639	-37.401	-19.788
7.640	-38.414	-19.788
7.641	-37.401	-19.788
7.642	-38.414	-19.788
7.643	-37.401	-19.788
7.644	-38.414	-19.788
7.645	-38.414	-19.788
7.646	-39.428	-19.788
7.647	-38.414	-19.788
7.648	-38.414	-18.780
7.649	-38.414	-20.796
7.650	-38.414	-19.788
7.651	-38.414	-19.788
7.652	-38.414	-20.796
7.653	-38.414	-18.780
7.654	-38.414	-19.788
7.655	-38.414	-19.788
7.656	-38.414	-20.796
7.657	-38.414	-19.788
7.658	-38.414	-20.796
7.659	-38.414	-20.796
7.660	-38.414	-19.788
7.661	-38.414	-20.796
7.662	-38.414	-20.796
7.663	-38.414	-19.788
7.664	-38.414	-20.796
7.665	-39.428	-20.796
7.666	-39.428	-19.788
7.667	-39.428	-20.796
7.668	-39.428	-20.796
7.669	-39.428	-20.796
7.670	-39.428	-20.796
7.671	-39.428	-20.796
7.672	-39.428	-20.796
7.673	-39.428	-19.788
7.674	-39.428	-20.796
7.675	-39.428	-19.788
7.676	-39.428	-20.796
7.677	-39.428	-20.796
7.678	-39.428	-20.796
7.679	-39.428	-20.796
7.680	-39.428	-20.796
7.681	-39.428	-20.796
7.682	-39.428	-20.796
7.683	-39.428	-20.796
7.684	-39.428	-20.796
7.685	-39.428	-20.796
7.686	-39.428	-20.796
7.687	-39.428	-20.796
7.688	-39.428	-20.796
7.689	-39.428	-21.804
7.690	-39.428	-20.796
7.691	-39.428	-22.812
7.692	-39.428	-20.796
7.693	-39.428	-20.796
7.694	-39.428	-20.796
7.695	-39.428	-21.804
7.696	-39.428	-20.796
7.697	-40.442	-20.796
7.698	-39.428	-20.796
7.699	-39.428	-20.796
7.700	-39.428	-20.796
7.701	-39.428	-22.812
7.702	-39.428	-20.796
7.703	-39.428	-21.804
7.704	-39.428	-20.796
7.705	-39.428	-21.804
7.706	-39.428	-20.796
7.707	-39.428	-20.796
7.708	-39.428	-20.796
7.709	-39.428	-21.804
7.710	-39.428	-20.796
7.711	-39.428	-20.796
7.712	-39.428	-21.804
7.713	-39.428	-20.796
7.714	-39.428	-20.796
7.715	-39.428	-20.796
7.716	-40.442	-20.796
7.717	-39.428	-20.796
7.718	-39.428	-21.804
7.719	-39.428	-20.796
7.720	-39.428	-20.796
7.721	-39.428	-20.796
7.722	-39.428	-20.796
7.723	-39.428	-21.804
7.724	-39.428	-20.796
7.725	-39.428	-21.804
7.726	-39.428	-20.796
7.727	-39.428	-20.796
7.728	-39.428	-20.796
7.729	-39.428	-20.796
7.730	-39.428	-20.796
7.731	-39.428	-21.804
7.732	-39.428	-21.804
7.733	-39.428	-20.796
7.734	-39.428	-21.804
7.735	-39.428	-21.804
7.736	-39.428	-20.796
7.737	-39.428	-20.796
7.738	-40.442	-20.796
7.739	-39.428	-21.804
7.740	-39.428	-20.796
7.741	-38.414	-20.796
7.742	-40.442	-21.804
7.743	-39.428	-21.804
7.744	-39.428	-21.804
7.745	-39.428	-20.796
7.746	-39.428	-21.804
7.747	-39.428	-20.796
7.748	-39.428	-21.804
7.749	-39.428	-21.804
7.750	-39.428	-21.804
7.751	-39.428	-21.804
7.752	-39.428	-21.804
7.753	-39.428	-21.804
7.754	-39.428	-20.796
7.755	-39.428	-21.804
7.756	-40.442	-21.804
7.757	-39.428	-21.804
7.758	-39.428	-21.804
7.759	-40.442	-21.804
7.760	-39.428	-21.804
7.761	-39.428	-21.804
7.762	-40.442	-21.804
7.763	-39.428	-21.804
7.764	-39.428	-22.812
7.765	-39.428	-21.804
7.766	-39.428	-21.804
7.767	-40.442	-21.804
7.768	-40.442	-21.804
7.769	-40.442	-21.804
7.770	-40.442	-21.804
7.771	-39.428	-21.804
7.772	-39.428	-21.804
7.773	-39.428	-21.804
7.774	-38.414	-21.804
7.775	-40.442	-21.804
7.776	-39.428	-21.804
7.777	-39.428	-21.804
7.778	-39.428	-21.804
7.779	-39.428	-21.804
7.780	-39.428	-21.804
7.781	-40.442	-21.804
7.782	-39.428	-21.804
7.783	-39.428	-21.804
7.784	-39.428	-21.804
7.785	-40.442	-21.804
7.786	-39.428	-21.804
7.787	-39.428	-21.804
7.788	-39.428	-22.812
7.789	-39.428	-21.804
7.790	-40.442	-21.804
7.791	-40.442	-21.804
7.792	-40.442	-21.804
7.793	-39.428	-21.804
7.794	-39.428	-22.812
7.795	-39.428	-21.804
7.796	-39.428	-21.804
7.797	-39.428	-21.804
7.798	-39.428	-21.804
7.799	-39.428	-21.804
7.800	-39.428	-21.804
7.801	-39.428	-20.796
7.802	-40.442	-21.804
7.803	-39.428	-21.804
7.804	-39.428	-21.804
7.805	-39.428	-21.804
7.806	-39.428	-21.804
7.807	-38.414	-21.804
7.808	-38.414	-22.812
7.809	-39.428	-21.804
7.810	-38.414	-21.804
7.811	-39.428	-22.812
7.812	-39.428	-22.812
7.813	-39.428	-21.804
7.814	-40.442	-21.804
7.815	-39.428	-21.804
7.816	-39.428	-21.804
7.817	-38.414	-21.804
7.818	-39.428	-21.804
7.819	-39.428	-21.804
7.820	-39.428	-21.804
7.821	-39.428	-21.804
7.822	-39.428	-21.804
7.823	-38.414	-21.804
7.824	-38.414	-21.804
7.825	-39.428	-21.804
7.826	-39.428	-22.812
7.827	-39.428	-22.812
7.828	-39.428	-20.796
7.829	-39.428	-21.804
7.830	-39.428	-21.804
7.831	-38.414	-21.804
7.832	-39.428	-21.804
7.833	-39.428	-21.804
7.834	-38.414	-21.804
7.835	-39.428	-21.804
7.836	-39.428	-21.804
7.837	-38.414	-21.804
7.838	-39.428	-22.812
7.839	-39.428	-21.804
7.840	-39.428	-21.804
7.841	-39.428	-21.804
7.842	-39.428	-21.804
7.843	-38.414	-21.804
7.844	-39.428	-21.804
7.845	-39.428	-21.804
7.846	-38.414	-21.804
7.847	-39.428	-21.804
7.848	-39.428	-21.804
7.849	-38.414	-21.804
7.850	-39.428	-21.804
7.851	-39.428	-21.804
7.852	-38.414	-22.812
7.853	-38.414	-21.804
7.854	-38.414	-21.804
7.855	-38.414	-19.788
7.856	-39.428	-21.804
7.857	-39.428	-22.812
7.858	-39.428	-21.804
7.859	-39.428	-21.804
7.860	-38.414	-22.812
7.861	-39.428	-22.812
7.862	-38.414	-22.812
7.863	-38.414	-21.804
7.864	-39.428	-23.820
7.865	-39.428	-22.812
7.866	-39.428	-21.804
7.867	-38.414	-22.812
7.868	-39.428	-22.812
7.869	-39.428	-22.812
7.870	-39.428	-22.812
7.871	-39.428	-22.812
7.872	-39.428	-23.820
7.873	-38.414	-23.820
7.874	-39.428	-23.820
7.875	-39.428	-24.828
7.876	-38.414	-22.812
7.877	-39.428	-23.820
7.878	-38.414	-22.812
7.879	-38.414	-23.820
7.880	-39.428	-23.820
7.881	-38.414	-23.820
7.882	-38.414	-23.820
7.883	-38.414	-23.820
7.884	-39.428	-23.820
7.885	-39.428	-22.812
7.886	-38.414	-23.820
7.887	-39.428	-23.820
7.888	-38.414	-23.820
7.889	-38.414	-23.820
7.890	-39.428	-23.820
7.891	-39.428	-23.820
7.892	-38.414	-23.820
7.893	-38.414	-24.828
7.894	-39.428	-23.820
7.895	-38.414	-23.820
7.896	-39.428	-23.820
7.897	-38.414	-23.820
7.898	-38.414	-23.820
7.899	-38.414	-23.820
7.900	-38.414	-23.820
7.901	-38.414	-23.820
7.902	-38.414	-24.828
7.903	-38.414	-23.820
7.904	-38.414	-22.812
7.905	-38.414	-23.820
7.906	-38.414	-23.820
7.907	-38.414	-23.820
7.908	-38.414	-22.812
7.909	-38.414	-23.820
7.910	-38.414	-23.820
7.911	-39.428	-23.820
7.912	-38.414	-24.828
7.913	-38.414	-23.820
7.914	-37.401	-24.828
7.915	-37.401	-23.820
7.916	-38.414	-23.820
7.917	-38.414	-24.828
7.918	-38.414	-22.812
7.919	-38.414	-23.820
7.920	-38.414	-23.820
7.921	-38.414	-24.828
7.922	-38.414	-23.820
7.923	-38.414	-23.820
7.924	-38.414	-23.820
7.925	-37.401	-23.820
7.926	-38.414	-23.820
7.927	-38.414	-23.820
7.928	-38.414	-23.820
7.929	-38.414	-23.820
7.930	-39.428	-24.828
7.931	-38.414	-23.820
7.932	-38.414	-23.820
7.933	-38.414	-24.828
7.934	-39.428	-24.828
7.935	-38.414	-24.828
7.936	-38.414	-24.828
7.937	-38.414	-24.828
7.938	-37.401	-23.820
7.939	-37.401	-23.820
7.940	-38.414	-23.820
7.941	-38.414	-24.828
7.942	-38.414	-23.820
7.943	-38.414	-24.828
7.944	-38.414	-24.828
7.945	-38.414	-23.820
7.946	-38.414	-24.828
7.947	-38.414	-24.828
7.948	-38.414	-23.820
7.949	-37.401	-23.820
7.950	-39.428	-24.828
7.951	-38.414	-24.828
7.952	-38.414	-24.828
7.953	-38.414	-24.828
7.954	-38.414	-24.828
7.955	-38.414	-24.828
7.956	-37.401	-24.828
7.957	-38.414	-24.828
7.958	-38.414	-23.820
7.959	-38.414	-24.828
7.960	-38.414	-24.828
7.961	-38.414	-24.828
7.962	-39.428	-24.828
7.963	-38.414	-24.828
7.964	-39.428	-24.828
7.965	-38.414	-24.828
7.966	-37.401	-24.828
7.967	-38.414	-23.820
7.968	-38.414	-24.828
7.969	-38.414	-24.828
7.970	-38.414	-24.828
7.971	-38.414	-23.820
7.972	-38.414	-24.828
7.973	-38.414	-24.828
7.974	-38.414	-23.820
7.975	-39.428	-24.828
7.976	-38.414	-24.828
7.977	-38.414	-24.828
7.978	-38.414	-24.828
7.979	-38.414	-24.828
7.980	-38.414	-24.828
7.981	-38.414	-23.820
7.982	-38.414	-24.828
7.983	-38.414	-24.828
7.984	-38.414	-24.828
7.985	-37.401	-24.828
7.986	-39.428	-25.837
7.987	-39.428	-24.828
7.988	-38.414	-24.828
7.989	-38.414	-23.820
7.990	-38.414	-24.828
7.991	-38.414	-24.828
7.992	-38.414	-24.828
7.993	-38.414	-24.828
7.994	-38.414	-24.828
7.995	-39.428	-24.828
7.996	-38.414	-24.828
7.997	-38.414	-24.828
7.998	-39.428	-24.828
7.999	-38.414	-24.828
8.000	-39.428	-24.828
8.001	-38.414	-23.820
8.002	-38.414	-23.820
8.003	-39.428	-24.828
8.004	-40.442	-24.828
8.005	-38.414	-24.828
8.006	-38.414	-23.820
8.007	-38.414	-24.828
8.008	-39.428	-24.828
8.009	-39.428	-23.820
8.010	-39.428	-23.820
8.011	-39.428	-23.820
8.012	-38.414	-23.820
8.013	-38.414	-23.820
8.014	-38.414	-24.828
8.015	-38.414	-23.820
8.016	-39.428	-24.828
8.017	-38.414	-23.820
8.018	-39.428	-23.820
8.019	-38.414	-23.820
8.020	-39.428	-24.828
8.021	-39.428	-24.828
8.022	-39.428	-23.820
8.023	-39.428	-24.828
8.024	-39.428	-23.820
8.025	-39.428	-24.828
8.026	-39.428	-23.820
8.027	-39.428	-23.820
8.028	-39.428	-23.820
8.029	-39.428	-23.820
8.030	-39.428	-24.828
8.031	-40.442	-23.820
8.032	-40.442	-24.828
8.033	-39.428	-23.820
8.034	-40.442	-23.820
8.035	-39.428	-23.820
8.036	-39.428	-23.820
8.037	-39.428	-23.820
8.038	-39.428	-23.820
8.039	-40.442	-23.820
8.040	-40.442	-23.820
8.041	-39.428	-23.820
8.042	-39.428	-23.820
8.043	-39.428	-22.812
8.044	-40.442	-23.820
8.045	-40.442	-23.820
8.046	-40.442	-24.828
8.047	-39.428	-24.828
8.048	-40.442	-23.820
8.049	-40.442	-23.820
8.050	-40.442	-23.820
8.051	-40.442	-23.820
8.052	-39.428	-23.820
8.053	-40.442	-23.820
8.054	-40.442	-22.812
8.055	-40.442	-23.820
8.056	-39.428	-23.820
8.057	-40.442	-23.820
8.058	-40.442	-23.820
8.059	-40.442	-23.820
8.060	-40.442	-23.820
8.061	-39.428	-23.820
8.062	-40.442	-23.820
8.063	-40.442	-23.820
8.064	-40.442	-23.820
8.065	-40.442	-23.820
8.066	-40.442	-23.820
8.067	-40.442	-23.820
8.068	-40.442	-23.820
8.069	-40.442	-24.828
8.070	-40.442	-23.820
8.071	-40.442	-23.820
8.072	-40.442	-23.820
8.073	-40.442	-23.820
8.074	-40.442	-23.820
8.075	-40.442	-23.820
8.076	-40.442	-23.820
8.077	-40.442	-23.820
8.078	-40.442	-23.820
8.079	-40.442	-24.828
8.080	-40.442	-23.820
8.081	-40.442	-23.820
8.082	-40.442	-23.820
8.083	-40.442	-23.820
8.084	-40.442	-23.820
8.085	-40.442	-23.820
8.086	-40.442	-22.812
8.087	-40.442	-23.820
8.088	-40.442	-23.820
8.089	-40.442	-23.820
8.090	-40.442	-24.828
8.091	-40.442	-22.812
8.092	-39.428	-23.820
8.093	-40.442	-23.820
8.094	-40.442	-23.820
8.095	-40.442	-22.812
8.096	-40.442	-22.812
8.097	-39.428	-22.812
8.098	-40.442	-23.820
8.099	-40.442	-23.820
8.100	-40.442	-23.820
8.101	-40.442	-23.820
8.102	-40.442	-23.820
8.103	-40.442	-23.820
8.104	-40.442	-22.812
8.105	-40.442	-23.820
8.106	-39.428	-23.820
8.107	-40.442	-23.820
8.108	-40.442	-23.820
8.109	-40.442	-23.820
8.110	-40.442	-23.820
8.111	-40.442	-23.820
8.112	-40.442	-24.828
8.113	-40.442	-23.820
8.114	-40.442	-23.820
8.115	-40.442	-23.820
8.116	-40.442	-23.820
8.117	-40.442	-24.828
8.118	-40.442	-23.820
8.119	-40.442	-23.820
8.120	-40.442	-23.820
8.121	-40.442	-23.820
8.122	-40.442	-24.828
8.123	-40.442	-23.820
8.124	-40.442	-23.820
8.125	-40.442	-23.820
8.126	-41.455	-24.828
8.127	-40.442	-23.820
8.128	-40.442	-23.820
8.129	-40.442	-24.828
8.130	-40.442	-24.828
8.131	-40.442	-23.820
8.132	-40.442	-24.828
8.133	-40.442	-24.828
8.134	-39.428	-24.828
8.135	-40.442	-24.828
8.136	-40.442	-24.828
8.137	-40.442	-24.828
8.138	-40.442	-23.820
8.139	-40.442	-24.828
8.140	-40.442	-24.828
8.141	-40.442	-24.828
8.142	-40.442	-24.828
8.143	-40.442	-24.828
8.144	-40.442	-24.828
8.145	-40.442	-24.828
8.146	-40.442	-24.828
8.147	-40.442	-24.828
8.148	-40.442	-24.828
8.149	-40.442	-24.828
8.150	-40.442	-24.828
8.151	-40.442	-24.828
8.152	-40.442	-24.828
8.153	-40.442	-24.828
8.154	-40.442	-23.820
8.155	-40.442	-23.820
8.156	-40.442	-23.820
8.157	-40.442	-24.828
8.158	-40.442	-24.828
8.159	-40.442	-23.820
8.160	-40.442	-24.828
8.161	-40.442	-24.828
8.162	-40.442	-24.828
8.163	-40.442	-24.828
8.164	-40.442	-23.820
8.165	-39.428	-24.828
8.166	-40.442	-24.828
8.167	-40.442	-23.820
8.168	-40.442	-23.820
8.169	-40.442	-23.820
8.170	-40.442	-24.828
8.171	-39.428	-23.820
8.172	-40.442	-23.820
8.173	-40.442	-22.812
8.174	-40.442	-23.820
8.175	-40.442	-23.820
8.176	-40.442	-23.820
8.177	-40.442	-23.820
8.178	-40.442	-23.820
8.179	-39.428	-24.828
8.180	-40.442	-21.804
8.181	-40.442	-23.820
8.182	-40.442	-23.820
8.183	-40.442	-23.820
8.184	-39.428	-22.812
8.185	-40.442	-23.820
8.186	-40.442	-23.820
8.187	-40.442	-23.820
8.188	-40.442	-23.820
8.189	-40.442	-23.820
8.190	-40.442	-23.820
8.191	-40.442	-23.820
8.192	-40.442	-23.820
8.193	-40.442	-23.820
8.194	-40.442	-23.820
8.195	-40.442	-24.828
8.196	-40.442	-24.828
8.197	-40.442	-23.820
8.198	-40.442	-23.820
8.199	-40.442	-24.828
8.200	-40.442	-23.820
8.201	-40.442	-23.820
8.202	-40.442	-23.820
8.203	-40.442	-24.828
8.204	-39.428	-23.820
8.205	-40.442	-23.820
8.206	-41.455	-24.828
8.207	-40.442	-23.820
8.208	-40.442	-23.820
8.209	-40.442	-24.828
8.210	-40.442	-24.828
8.211	-40.442	-24.828
8.212	-40.442	-24.828
8.213	-41.455	-22.812
8.214	-40.442	-24.828
8.215	-41.455	-24.828
8.216	-41.455	-23.820
8.217	-40.442	-23.820
8.218	-40.442	-23.820
8.219	-40.442	-23.820
8.220	-40.442	-24.828
8.221	-41.455	-24.828
8.222	-40.442	-24.828
8.223	-40.442	-23.820
8.224	-40.442	-24.828
8.225	-40.442	-24.828
8.226	-40.442	-24.828
8.227	-40.442	-24.828
8.228	-40.442	-24.828
8.229	-41.455	-24.828
8.230	-40.442	-23.820
8.231	-40.442	-23.820
8.232	-40.442	-24.828
8.233	-40.442	-23.820
8.234	-39.428	-23.820
8.235	-40.442	-23.820
8.236	-40.442	-24.828
8.237	-40.442	-23.820
8.238	-40.442	-23.820
8.239	-40.442	-23.820
8.240	-40.442	-23.820
8.241	-40.442	-23.820
8.242	-40.442	-23.820
8.243	-40.442	-23.820
8.244	-39.428	-24.828
8.245	-40.442	-24.828
8.246	-39.428	-24.828
8.247	-40.442	-23.820
8.248	-40.442	-25.837
8.249	-40.442	-22.812
8.250	-40.442	-24.828
8.251	-40.442	-23.820
8.252	-40.442	-24.828
8.253	-40.442	-23.820
8.254	-40.442	-23.820
8.255	-40.442	-24.828
8.256	-40.442	-24.828
8.257	-39.428	-24.828
8.258	-39.428	-25.837
8.259	-40.442	-24.828
8.260	-40.442	-25.837
8.261	-40.442	-24.828
8.262	-40.442	-24.828
8.263	-40.442	-24.828
8.264	-39.428	-24.828
8.265	-40.442	-24.828
8.266	-40.442	-24.828
8.267	-40.442	-24.828
8.268	-40.442	-24.828
8.269	-40.442	-25.837
8.270	-40.442	-25.837
8.271	-40.442	-25.837
8.272	-40.442	-25.837
8.273	-40.442	-25.837
8.274	-40.442	-25.837
8.275	-40.442	-25.837
8.276	-40.442	-25.837
8.277	-40.442	-25.837
8.278	-40.442	-26.845
8.279	-40.442	-26.845
8.280	-40.442	-25.837
8.281	-40.442	-25.837
8.282	-40.442	-25.837
8.283	-40.442	-25.837
8.284	-40.442	-26.845
8.285	-40.442	-25.837
8.286	-41.455	-26.845
8.287	-40.442	-26.845
8.288	-40.442	-26.845
8.289	-40.442	-26.845
8.290	-39.428	-25.837
8.291	-40.442	-26.845
8.292	-40.442	-26.845
8.293	-40.442	-26.845
8.294	-39.428	-26.845
8.295	-39.428	-25.837
8.296	-40.442	-27.853
8.297	-40.442	-25.837
8.298	-40.442	-25.837
8.299	-40.442	-26.845
8.300	-40.442	-26.845
8.301	-39.428	-26.845
8.302	-40.442	-26.845
8.303	-40.442	-26.845
8.304	-40.442	-25.837
8.305	-40.442	-26.845
8.306	-40.442	-24.828
8.307	-39.428	-25.837
8.308	-40.442	-25.837
8.309	-40.442	-26.845
8.310	-39.428	-25.837
8.311	-38.414	-26.845
8.312	-40.442	-26.845
8.313	-39.428	-25.837
8.314	-39.428	-26.845
8.315	-39.428	-25.837
8.316	-40.442	-26.845
8.317	-39.428	-25.837
8.318	-40.442	-25.837
8.319	-39.428	-25.837
8.320	-39.428	-25.837
8.321	-39.428	-26.845
8.322	-40.442	-26.845
8.323	-40.442	-25.837
8.324	-38.414	-25.837
8.325	-39.428	-25.837
8.326	-40.442	-25.837
8.327	-39.428	-25.837
8.328	-40.442	-26.845
8.329	-40.442	-26.845
8.330	-40.442	-26.845
8.331	-40.442	-27.853
8.332	-40.442	-25.837
8.333	-40.442	-25.837
8.334	-40.442	-24.828
8.335	-40.442	-25.837
8.336	-40.442	-24.828
8.337	-40.442	-25.837
8.338	-40.442	-25.837
8.339	-40.442	-25.837
8.340	-40.442	-25.837
8.341	-41.455	-26.845
8.342	-40.442	-26.845
8.343	-40.442	-26.845
8.344	-41.455	-25.837
8.345	-40.442	-26.845
8.346	-40.442	-26.845
8.347	-40.442	-26.845
8.348	-40.442	-26.845
8.349	-41.455	-26.845
8.350	-41.455	-26.845
8.351	-40.442	-25.837
8.352	-41.455	-26.845
8.353	-40.442	-26.845
8.354	-40.442	-26.845
8.355	-41.455	-26.845
8.356	-41.455	-26.845
8.357	-41.455	-25.837
8.358	-41.455	-25.837
8.359	-41.455	-25.837
8.360	-40.442	-26.845
8.361	-41.455	-27.853
8.362	-42.469	-26.845
8.363	-41.455	-25.837
8.364	-41.455	-26.845
8.365	-42.469	-25.837
8.366	-41.455	-26.845
8.367	-41.455	-25.837
8.368	-41.455	-26.845
8.369	-41.455	-26.845
8.370	-41.455	-25.837
8.371	-42.469	-26.845
8.372	-42.469	-26.845
8.373	-41.455	-26.845
8.374	-41.455	-26.845
8.375	-42.469	-26.845
8.376	-42.469	-26.845
8.377	-42.469	-26.845
8.378	-41.455	-26.845
8.379	-42.469	-24.828
8.380	-42.469	-26.845
8.381	-41.455	-26.845
8.382	-42.469	-27.853
8.383	-41.455	-26.845
8.384	-42.469	-26.845
8.385	-42.469	-26.845
8.386	-41.455	-26.845
8.387	-41.455	-26.845
8.388	-41.455	-25.837
8.389	-42.469	-26.845
8.390	-42.469	-27.853
8.391	-42.469	-27.853
8.392	-42.469	-27.853
8.393	-42.469	-26.845
8.394	-42.469	-28.861
8.395	-42.469	-27.853
8.396	-42.469	-26.845
8.397	-41.455	-27.853
8.398	-42.469	-27.853
8.399	-42.469	-28.861
8.400	-41.455	-27.853
8.401	-42.469	-26.845
8.402	-42.469	-27.853
8.403	-42.469	-27.853
8.404	-42.469	-27.853
8.405	-42.469	-27.853
8.406	-42.469	-26.845
8.407	-42.469	-27.853
8.408	-42.469	-27.853
8.409	-42.469	-27.853
8.410	-42.469	-27.853
8.411	-42.469	-27.853
8.412	-42.469	-27.853
8.413	-42.469	-27.853
8.414	-42.469	-27.853
8.415	-42.469	-27.853
8.416	-43.483	-27.853
8.417	-42.469	-27.853
8.418	-42.469	-27.853
8.419	-43.483	-27.853
8.420	-42.469	-27.853
8.421	-42.469	-27.853
8.422	-43.483	-28.861
8.423	-42.469	-27.853
8.424	-42.469	-27.853
8.425	-44.497	-28.861
8.426	-44.497	-28.861
8.427	-42.469	-28.861
8.428	-44.497	-28.861
8.429	-44.497	-27.853
8.430	-44.497	-28.861
8.431	-44.497	-27.853
8.432	-44.497	-26.845
8.433	-44.497	-28.861
8.434	-43.483	-27.853
8.435	-44.497	-28.861
8.436	-43.483	-28.861
8.437	-44.497	-28.861
8.438	-44.497	-27.853
8.439	-44.497	-28.861
8.440	-43.483	-27.853
8.441	-44.497	-28.861
8.442	-44.497	-28.861
8.443	-44.497	-27.853
8.444	-45.510	-28.861
8.445	-44.497	-28.861
8.446	-44.497	-28.861
8.447	-44.497	-29.869
8.448	-44.497	-28.861
8.449	-44.497	-27.853
8.450	-44.497	-27.853
8.451	-45.510	-27.853
8.452	-44.497	-27.853
8.453	-44.497	-28.861
8.454	-45.510	-28.861
8.455	-45.510	-28.861
8.456	-45.510	-28.861
8.457	-44.497	-28.861
8.458	-45.510	-28.861
8.459	-45.510	-27.853
8.460	-44.497	-27.853
8.461	-45.510	-28.861
8.462	-45.510	-28.861
8.463	-45.510	-27.853
8.464	-45.510	-27.853
8.465	-45.510	-28.861
8.466	-45.510	-27.853
8.467	-44.497	-27.853
8.468	-45.510	-28.861
8.469	-45.510	-28.861
8.470	-44.497	-27.853
8.471	-45.510	-27.853
8.472	-44.497	-28.861
8.473	-44.497	-27.853
8.474	-45.510	-28.861
8.475	-45.510	-28.861
8.476	-44.497	-28.861
8.477	-45.510	-28.861
8.478	-45.510	-28.861
8.479	-44.497	-27.853
8.480	-45.510	-28.861
8.481	-44.497	-27.853
8.482	-44.497	-27.853
8.483	-45.510	-27.853
8.484	-44.497	-27.853
8.485	-44.497	-26.845
8.486	-44.497	-27.853
8.487	-45.510	-28.861
8.488	-45.510	-28.861
8.489	-44.497	-28.861
8.490	-44.497	-28.861
8.491	-45.510	-28.861
8.492	-44.497	-27.853
8.493	-44.497	-28.861
8.494	-45.510	-28.861
8.495	-44.497	-28.861
8.496	-45.510	-28.861
8.497	-44.497	-27.853
8.498	-44.497	-28.861
8.499	-44.497	-28.861
8.500	-44.497	-27.853
8.501	-45.510	-28.861
8.502	-44.497	-28.861
8.503	-44.497	-28.861
8.504	-45.510	-28.861
8.505	-44.497	-28.861
8.506	-44.497	-28.861
8.507	-44.497	-28.861
8.508	-45.510	-28.861
8.509	-45.510	-28.861
8.510	-45.510	-28.861
8.511	-45.510	-27.853
8.512	-45.510	-27.853
8.513	-45.510	-28.861
8.514	-46.524	-28.861
8.515	-45.510	-28.861
8.516	-45.510	-28.861
8.517	-45.510	-28.861
8.518	-44.497	-27.853
8.519	-45.510	-28.861
8.520	-45.510	-28.861
8.521	-45.510	-28.861
8.522	-45.510	-28.861
8.523	-44.497	-27.853
8.524	-45.510	-27.853
8.525	-45.510	-28.861
8.526	-45.510	-28.861
8.527	-45.510	-28.861
8.528	-45.510	-27.853
8.529	-45.510	-28.861
8.530	-45.510	-28.861
8.531	-45.510	-27.853
8.532	-45.510	-28.861
8.533	-45.510	-27.853
8.534	-44.497	-28.861
8.535	-45.510	-28.861
8.536	-45.510	-28.861
8.537	-46.524	-28.861
8.538	-46.524	-28.861
8.539	-46.524	-27.853
8.540	-45.510	-28.861
8.541	-45.510	-28.861
8.542	-45.510	-28.861
8.543	-45.510	-28.861
8.544	-46.524	-27.853
8.545	-45.510	-28.861
8.546	-45.510	-28.861
8.547	-46.524	-28.861
8.548	-45.510	-28.861
8.549	-45.510	-28.861
8.550	-46.524	-28.861
8.551	-46.524	-28.861
8.552	-46.524	-27.853
8.553	-46.524	-28.861
8.554	-46.524	-28.861
8.555	-46.524	-28.861
8.556	-47.538	-29.869
8.557	-46.524	-28.861
8.558	-46.524	-28.861
8.559	-46.524	-28.861
8.560	-46.524	-28.861
8.561	-46.524	-28.861
8.562	-46.524	-28.861
8.563	-46.524	-29.869
8.564	-45.510	-29.869
8.565	-46.524	-28.861
8.566	-45.510	-29.869
8.567	-46.524	-27.853
8.568	-46.524	-29.869
8.569	-46.524	-28.861
8.570	-46.524	-28.861
8.571	-47.538	-28.861
8.572	-46.524	-28.861
8.573	-46.524	-28.861
8.574	-45.510	-29.869
8.575	-46.524	-28.861
8.576	-46.524	-28.861
8.577	-47.538	-28.861
8.578	-46.524	-28.861
8.579	-46.524	-28.861
8.580	-46.524	-28.861
8.581	-47.538	-27.853
8.582	-47.538	-28.861
8.583	-46.524	-28.861
8.584	-46.524	-28.861
8.585	-46.524	-27.853
8.586	-47.538	-28.861
8.587	-47.538	-28.861
8.588	-46.524	-28.861
8.589	-47.538	-29.869
8.590	-47.538	-29.869
8.591	-47.538	-28.861
8.592	-46.524	-29.869
8.593	-47.538	-28.861
8.594	-47.538	-28.861
8.595	-47.538	-28.861
8.596	-47.538	-29.869
8.597	-47.538	-29.869
8.598	-46.524	-29.869
8.599	-47.538	-28.861
8.600	-47.538	-29.869
8.601	-47.538	-28.861
8.602	-47.538	-28.861
8.603	-47.538	-28.861
8.604	-48.551	-29.869
8.605	-47.538	-29.869
8.606	-47.538	-28.861
8.607	-47.538	-28.861
8.608	-47.538	-28.861
8.609	-47.538	-29.869
8.610	-48.551	-29.869
8.611	-47.538	-29.869
8.612	-47.538	-29.869
8.613	-48.551	-29.869
8.614	-48.551	-30.877
8.615	-47.538	-28.861
8.616	-48.551	-28.861
8.617	-48.551	-29.869
8.618	-48.551	-29.869
8.619	-47.538	-29.869
8.620	-47.538	-29.869
8.621	-47.538	-29.869
8.622	-48.551	-29.869
8.623	-48.551	-30.877
8.624	-47.538	-28.861
8.625	-48.551	-29.869
8.626	-48.551	-28.861
8.627	-48.551	-29.869
8.628	-48.551	-29.869
8.629	-48.551	-29.869
8.630	-48.551	-29.869
8.631	-48.551	-29.869
8.632	-48.551	-30.877
8.633	-48.551	-29.869
8.634	-48.551	-29.869
8.635	-48.551	-29.869
8.636	-48.551	-29.869
8.637	-48.551	-29.869
8.638	-48.551	-30.877
8.639	-48.551	-31.885
8.640	-48.551	-29.869
8.641	-48.551	-29.869
8.642	-48.551	-29.869
8.643	-48.551	-29.869
8.644	-48.551	-30.877
8.645	-48.551	-29.869
8.646	-48.551	-29.869
8.647	-49.565	-29.869
8.648	-48.551	-29.869
8.649	-48.551	-30.877
8.650	-48.551	-29.869
8.651	-48.551	-30.877
8.652	-48.551	-29.869
8.653	-48.551	-30.877
8.654	-49.565	-30.877
8.655	-48.551	-29.869
8.656	-48.551	-29.869
8.657	-48.551	-31.885
8.658	-49.565	-30.877
8.659	-48.551	-30.877
8.660	-48.551	-30.877
8.661	-48.551	-30.877
8.662	-48.551	-31.885
8.663	-48.551	-31.885
8.664	-48.551	-31.885
8.665	-48.551	-31.885
8.666	-49.565	-31.885
8.667	-49.565	-30.877
8.668	-48.551	-30.877
8.669	-48.551	-31.885
8.670	-49.565	-30.877
8.671	-49.565	-31.885
8.672	-49.565	-31.885
8.673	-48.551	-31.885
8.674	-49.565	-30.877
8.675	-49.565	-31.885
8.676	-49.565	-31.885
8.677	-49.565	-31.885
8.678	-49.565	-32.893
8.679	-49.565	-31.885
8.680	-49.565	-31.885
8.681	-48.551	-31.885
8.682	-49.565	-32.893
8.683	-49.565	-31.885
8.684	-48.551	-31.885
8.685	-49.565	-31.885
8.686	-48.551	-32.893
8.687	-49.565	-31.885
8.688	-49.565	-32.893
8.689	-49.565	-32.893
8.690	-49.565	-33.901
8.691	-49.565	-31.885
8.692	-49.565	-32.893
8.693	-49.565	-32.893
8.694	-49.565	-32.893
8.695	-49.565	-32.893
8.696	-49.565	-32.893
8.697	-49.565	-32.893
8.698	-49.565	-32.893
8.699	-49.565	-33.901
8.700	-49.565	-32.893
8.701	-49.565	-32.893
8.702	-49.565	-32.893
8.703	-50.579	-32.893
8.704	-51.592	-32.893
8.705	-50.579	-33.901
8.706	-50.579	-33.901
8.707	-50.579	-33.901
8.708	-49.565	-33.901
8.709	-50.579	-32.893
8.710	-50.579	-31.885
8.711	-50.579	-33.901
8.712	-50.579	-33.901
8.713	-50.579	-33.901
8.714	-50.579	-32.893
8.715	-50.579	-32.893
8.716	-50.579	-33.901
8.717	-50.579	-33.901
8.718	-50.579	-33.901
8.719	-51.592	-33.901
8.720	-50.579	-31.885
8.721	-50.579	-32.893
8.722	-50.579	-32.893
8.723	-50.579	-33.901
8.724	-50.579	-32.893
8.725	-51.592	-33.901
8.726	-51.592	-33.901
8.727	-51.592	-32.893
8.728	-50.579	-32.893
8.729	-51.592	-33.901
8.730	-51.592	-31.885
8.731	-50.579	-32.893
8.732	-51.592	-32.893
8.733	-51.592	-32.893
8.734	-52.606	-32.893
8.735	-51.592	-32.893
8.736	-51.592	-32.893
8.737	-51.592	-32.893
8.738	-51.592	-32.893
8.739	-51.592	-33.901
8.740	-50.579	-32.893
8.741	-51.592	-32.893
8.742	-51.592	-33.901
8.743	-51.592	-33.901
8.744	-51.592	-33.901
8.745	-50.579	-33.901
8.746	-51.592	-32.893
8.747	-51.592	-33.901
8.748	-51.592	-34.909
8.749	-51.592	-33.901
8.750	-51.592	-32.893
8.751	-51.592	-33.901
8.752	-51.592	-32.893
8.753	-51.592	-33.901
8.754	-50.579	-33.901
8.755	-51.592	-33.901
8.756	-51.592	-33.901
8.757	-51.592	-33.901
8.758	-51.592	-34.909
8.759	-52.606	-33.901
8.760	-51.592	-33.901
8.761	-50.579	-33.901
8.762	-51.592	-32.893
8.763	-51.592	-33.901
8.764	-50.579	-33.901
8.765	-52.606	-33.901
8.766	-51.592	-33.901
8.767	-50.579	-34.909
8.768	-51.592	-34.909
8.769	-51.592	-33.901
8.770	-51.592	-33.901
8.771	-51.592	-33.901
8.772	-51.592	-33.901
8.773	-50.579	-32.893
8.774	-52.606	-33.901
8.775	-51.592	-33.901
8.776	-50.579	-33.901
8.777	-50.579	-33.901
8.778	-50.579	-34.909
8.779	-51.592	-33.901
8.780	-51.592	-32.893
8.781	-51.592	-33.901
8.782	-50.579	-33.901
8.783	-51.592	-33.901
8.784	-51.592	-32.893
8.785	-51.592	-34.909
8.786	-52.606	-33.901
8.787	-51.592	-33.901
8.788	-52.606	-33.901
8.789	-51.592	-33.901
8.790	-51.592	-33.901
8.791	-51.592	-34.909
8.792	-51.592	-34.909
8.793	-51.592	-34.909
8.794	-51.592	-34.909
8.795	-51.592	-34.909
8.796	-51.592	-34.909
8.797	-51.592	-33.901
8.798	-51.592	-34.909
8.799	-52.606	-34.909
8.800	-51.592	-34.909
8.801	-51.592	-34.909
8.802	-52.606	-35.918
8.803	-52.606	-34.909
8.804	-51.592	-34.909
8.805	-51.592	-34.909
8.806	-52.606	-34.909
8.807	-51.592	-34.909
8.808	-52.606	-34.909
8.809	-51.592	-35.918
8.810	-52.606	-34.909
8.811	-52.606	-35.918
8.812	-52.606	-35.918
8.813	-52.606	-34.909
8.814	-52.606	-35.918
8.815	-51.592	-35.918
8.816	-52.606	-34.909
8.817	-52.606	-35.918
8.818	-52.606	-34.909
8.819	-52.606	-35.918
8.820	-52.606	-35.918
8.821	-52.606	-35.918
8.822	-52.606	-35.918
8.823	-52.606	-35.918
8.824	-52.606	-35.918
8.825	-52.606	-35.918
8.826	-52.606	-35.918
8.827	-52.606	-35.918
8.828	-52.606	-35.918
8.829	-52.606	-36.926
8.830	-51.592	-34.909
8.831	-51.592	-35.918
8.832	-52.606	-35.918
8.833	-52.606	-35.918
8.834	-52.606	-35.918
8.835	-52.606	-35.918
8.836	-52.606	-35.918
8.837	-52.606	-35.918
8.838	-53.620	-36.926
8.839	-52.606	-35.918
8.840	-52.606	-35.918
8.841	-52.606	-35.918
8.842	-52.606	-35.918
8.843	-52.606	-35.918
8.844	-52.606	-35.918
8.845	-52.606	-35.918
8.846	-52.606	-35.918
8.847	-52.606	-35.918
8.848	-52.606	-36.926
8.849	-52.606	-35.918
8.850	-52.606	-35.918
8.851	-52.606	-35.918
8.852	-52.606	-35.918
8.853	-52.606	-35.918
8.854	-52.606	-35.918
8.855	-52.606	-35.918
8.856	-52.606	-35.918
8.857	-52.606	-35.918
8.858	-52.606	-35.918
8.859	-52.606	-35.918
8.860	-52.606	-35.918
8.861	-52.606	-35.918
8.862	-52.606	-35.918
8.863	-52.606	-35.918
8.864	-52.606	-36.926
8.865	-53.620	-35.918
8.866	-52.606	-35.918
8.867	-52.606	-35.918
8.868	-52.606	-35.918
8.869	-52.606	-35.918
8.870	-52.606	-35.918
8.871	-52.606	-35.918
8.872	-52.606	-35.918
8.873	-52.606	-35.918
8.874	-52.606	-35.918
8.875	-52.606	-35.918
8.876	-52.606	-35.918
8.877	-52.606	-35.918
8.878	-52.606	-35.918
8.879	-52.606	-34.909
8.880	-52.606	-35.918
8.881	-52.606	-35.918
8.882	-52.606	-36.926
8.883	-52.606	-35.918
8.884	-52.606	-35.918
8.885	-52.606	-35.918
8.886	-52.606	-35.918
8.887	-52.606	-35.918
8.888	-52.606	-35.918
8.889	-52.606	-35.918
8.890	-52.606	-35.918
8.891	-52.606	-35.918
8.892	-52.606	-35.918
8.893	-52.606	-35.918
8.894	-51.592	-36.926
8.895	-52.606	-35.918
8.896	-52.606	-35.918
8.897	-52.606	-35.918
8.898	-52.606	-35.918
8.899	-52.606	-35.918
8.900	-52.606	-35.918
8.901	-52.606	-35.918
8.902	-52.606	-35.918
8.903	-52.606	-35.918
8.904	-52.606	-35.918
8.905	-52.606	-35.918
8.906	-52.606	-35.918
8.907	-52.606	-35.918
8.908	-52.606	-35.918
8.909	-52.606	-35.918
8.910	-53.620	-35.918
8.911	-52.606	-35.918
8.912	-52.606	-34.909
8.913	-52.606	-35.918
8.914	-52.606	-36.926
8.915	-52.606	-35.918
8.916	-52.606	-36.926
8.917	-52.606	-36.926
8.918	-52.606	-36.926
8.919	-52.606	-35.918
8.920	-52.606	-35.918
8.921	-52.606	-35.918
8.922	-52.606	-35.918
8.923	-52.606	-36.926
8.924	-52.606	-36.926
8.925	-52.606	-36.926
8.926	-53.620	-36.926
8.927	-52.606	-38.942
8.928	-52.606	-36.926
8.929	-53.620	-36.926
8.930	-52.606	-35.918
8.931	-53.620	-37.934
8.932	-52.606	-36.926
8.933	-52.606	-37.934
8.934	-53.620	-37.934
8.935	-52.606	-36.926
8.936	-52.606	-36.926
8.937	-52.606	-37.934
8.938	-52.606	-36.926
8.939	-52.606	-36.926
8.940	-52.606	-36.926
8.941	-53.620	-37.934
8.942	-53.620	-36.926
8.943	-52.606	-36.926
8.944	-52.606	-38.942
8.945	-53.620	-36.926
8.946	-52.606	-37.934
8.947	-52.606	-37.934
8.948	-52.606	-37.934
8.949	-53.620	-37.934
8.950	-52.606	-37.934
8.951	-53.620	-37.934
8.952	-52.606	-37.934
8.953	-52.606	-37.934
8.954	-53.620	-37.934
8.955	-53.620	-37.934
8.956	-52.606	-37.934
8.957	-53.620	-37.934
8.958	-53.620	-37.934
8.959	-53.620	-37.934
8.960	-53.620	-37.934
8.961	-53.620	-37.934
8.962	-53.620	-37.934
8.963	-53.620	-37.934
8.964	-54.633	-37.934
8.965	-52.606	-37.934
8.966	-53.620	-37.934
8.967	-53.620	-37.934
8.968	-53.620	-38.942
8.969	-53.620	-37.934
8.970	-53.620	-37.934
8.971	-53.620	-37.934
8.972	-53.620	-38.942
8.973	-53.620	-37.934
8.974	-54.633	-37.934
8.975	-53.620	-37.934
8.976	-53.620	-37.934
8.977	-53.620	-38.942
8.978	-54.633	-38.942
8.979	-53.620	-37.934
8.980	-53.620	-37.934
8.981	-53.620	-37.934
8.982	-53.620	-37.934
8.983	-53.620	-38.942
8.984	-53.620	-38.942
8.985	-53.620	-37.934
8.986	-53.620	-37.934
8.987	-53.620	-38.942
8.988	-53.620	-37.934
8.989	-53.620	-38.942
8.990	-53.620	-38.942
8.991	-54.633	-38.942
8.992	-54.633	-37.934
8.993	-53.620	-37.934
8.994	-53.620	-37.934
8.995	-54.633	-38.942
8.996	-53.620	-38.942
8.997	-54.633	-38.942
8.998	-54.633	-38.942
8.999	-54.633	-38.942
9.000	-53.620	-38.942
9.001	-54.633	-38.942
9.002	-53.620	-37.934
9.003	-54.633	-38.942
9.004	-54.633	-38.942
9.005	-54.633	-38.942
9.006	-54.633	-38.942
9.007	-54.633	-38.942
9.008	-54.633	-39.950
9.009	-54.633	-37.934
9.010	-54.633	-38.942
9.011	-54.633	-38.942
9.012	-54.633	-38.942
9.013	-54.633	-38.942
9.014	-54.633	-38.942
9.015	-54.633	-38.942
9.016	-54.633	-39.950
9.017	-55.647	-38.942
9.018	-54.633	-39.950
9.019	-54.633	-39.950
9.020	-54.633	-38.942
9.021	-55.647	-39.950
9.022	-54.633	-38.942
9.023	-55.647	-38.942
9.024	-56.661	-39.950
9.025	-55.647	-39.950
9.026	-55.647	-39.950
9.027	-55.647	-39.950
9.028	-55.647	-37.934
9.029	-54.633	-39.950
9.030	-55.647	-39.950
9.031	-55.647	-39.950
9.032	-54.633	-38.942
9.033	-55.647	-39.950
9.034	-54.633	-39.950
9.035	-55.647	-39.950
9.036	-54.633	-39.950
9.037	-55.647	-39.950
9.038	-54.633	-37.934
9.039	-55.647	-39.950
9.040	-55.647	-39.950
9.041	-55.647	-39.950
9.042	-55.647	-39.950
9.043	-56.661	-39.950
9.044	-55.647	-39.950
9.045	-55.647	-39.950
9.046	-55.647	-39.950
9.047	-55.647	-39.950
9.048	-55.647	-37.934
9.049	-55.647	-40.958
9.050	-55.647	-39.950
9.051	-55.647	-40.958
9.052	-55.647	-40.958
9.053	-56.661	-39.950
9.054	-56.661	-40.958
9.055	-55.647	-39.950
9.056	-56.661	-39.950
9.057	-55.647	-40.958
9.058	-57.674	-40.958
9.059	-55.647	-40.958
9.060	-56.661	-40.958
9.061	-56.661	-40.958
9.062	-56.661	-39.950
9.063	-56.661	-40.958
9.064	-56.661	-40.958
9.065	-56.661	-40.958
9.066	-56.661	-40.958
9.067	-56.661	-41.966
9.068	-56.661	-40.958
9.069	-56.661	-40.958
9.070	-56.661	-40.958
9.071	-56.661	-40.958
9.072	-56.661	-40.958
9.073	-56.661	-40.958
9.074	-57.674	-40.958
9.075	-56.661	-40.958
9.076	-56.661	-42.974
9.077	-56.661	-40.958
9.078	-56.661	-41.966
9.079	-56.661	-40.958
9.080	-56.661	-41.966
9.081	-56.661	-41.966
9.082	-57.674	-41.966
9.083	-56.661	-41.966
9.084	-56.661	-41.966
9.085	-57.674	-41.966
9.086	-56.661	-41.966
9.087	-57.674	-41.966
9.088	-56.661	-41.966
9.089	-56.661	-41.966
9.090	-56.661	-42.974
9.091	-57.674	-40.958
9.092	-56.661	-41.966
9.093	-56.661	-42.974
9.094	-57.674	-41.966
9.095	-56.661	-41.966
9.096	-56.661	-41.966
9.097	-57.674	-41.966
9.098	-56.661	-41.966
9.099	-56.661	-41.966
9.100	-56.661	-42.974
9.101	-57.674	-40.958
9.102	-56.661	-40.958
9.103	-57.674	-42.974
9.104	-57.674	-41.966
9.105	-56.661	-41.966
9.106	-56.661	-41.966
9.107	-56.661	-41.966
9.108	-56.661	-41.966
9.109	-56.661	-41.966
9.110	-57.674	-41.966
9.111	-57.674	-40.958
9.112	-56.661	-41.966
9.113	-57.674	-41.966
9.114	-57.674	-41.966
9.115	-56.661	-41.966
9.116	-56.661	-41.966
9.117	-56.661	-42.974
9.118	-56.661	-41.966
9.119	-56.661	-41.966
9.120	-56.661	-41.966
9.121	-56.661	-40.958
9.122	-56.661	-41.966
9.123	-56.661	-40.958
9.124	-56.661	-41.966
9.125	-56.661	-41.966
9.126	-56.661	-41.966
9.127	-57.674	-41.966
9.128	-57.674	-41.966
9.129	-56.661	-40.958
9.130	-56.661	-41.966
9.131	-56.661	-41.966
9.132	-56.661	-39.950
9.133	-56.661	-40.958
9.134	-57.674	-41.966
9.135	-56.661	-41.966
9.136	-56.661	-40.958
9.137	-56.661	-41.966
9.138	-56.661	-41.966
9.139	-56.661	-42.974
9.140	-56.661	-40.958
9.141	-56.661	-40.958
9.142	-56.661	-41.966
9.143	-56.661	-40.958
9.144	-57.674	-41.966
9.145	-56.661	-40.958
9.146	-56.661	-40.958
9.147	-56.661	-41.966
9.148	-56.661	-40.958
9.149	-56.661	-41.966
9.150	-56.661	-41.966
9.151	-56.661	-41.966
9.152	-56.661	-40.958
9.153	-56.661	-40.958
9.154	-57.674	-40.958
9.155	-56.661	-41.966
9.156	-56.661	-41.966
9.157	-57.674	-40.958
9.158	-56.661	-41.966
9.159	-56.661	-40.958
9.160	-57.674	-41.966
9.161	-57.674	-40.958
9.162	-56.661	-40.958
9.163	-57.674	-40.958
9.164	-57.674	-39.950
9.165	-57.674	-40.958
9.166	-56.661	-40.958
9.167	-56.661	-41.966
9.168	-56.661	-40.958
9.169	-57.674	-41.966
9.170	-57.674	-42.974
9.171	-56.661	-40.958
9.172	-57.674	-40.958
9.173	-57.674	-40.958
9.174	-57.674	-40.958
9.175	-57.674	-40.958
9.176	-56.661	-40.958
9.177	-57.674	-40.958
9.178	-56.661	-40.958
9.179	-57.674	-41.966
9.180	-57.674	-40.958
9.181	-56.661	-41.966
9.182	-57.674	-41.966
9.183	-57.674	-41.966
9.184	-56.661	-40.958
9.185	-56.661	-40.958
9.186	-57.674	-40.958
9.187	-56.661	-41.966
9.188	-57.674	-41.966
9.189	-57.674	-40.958
9.190	-57.674	-40.958
9.191	-57.674	-40.958
9.192	-57.674	-40.958
9.193	-57.674	-40.958
9.194	-57.674	-40.958
9.195	-56.661	-40.958
9.196	-57.674	-40.958
9.197	-57.674	-40.958
9.198	-56.661	-40.958
9.199	-57.674	-40.958
9.200	-57.674	-40.958
9.201	-56.661	-40.958
9.202	-56.661	-41.966
9.203	-56.661	-40.958
9.204	-56.661	-40.958
9.205	-57.674	-40.958
9.206	-57.674	-40.958
9.207	-57.674	-40.958
9.208	-56.661	-40.958
9.209	-57.674	-40.958
9.210	-56.661	-40.958
9.211	-56.661	-39.950
9.212	-56.661	-40.958
9.213	-57.674	-40.958
9.214	-57.674	-40.958
9.215	-57.674	-40.958
9.216	-57.674	-40.958
9.217	-56.661	-39.950
9.218	-56.661	-39.950
9.219	-56.661	-40.958
9.220	-56.661	-40.958
9.221	-56.661	-40.958
9.222	-56.661	-40.958
9.223	-56.661	-40.958
9.224	-57.674	-40.958
9.225	-56.661	-39.950
9.226	-56.661	-39.950
9.227	-56.661	-38.942
9.228	-56.661	-40.958
9.229	-56.661	-40.958
9.230	-56.661	-40.958
9.231	-57.674	-40.958
9.232	-56.661	-39.950
9.233	-57.674	-40.958
9.234	-55.647	-39.950
9.235	-56.661	-40.958
9.236	-56.661	-40.958
9.237	-56.661	-39.950
9.238	-56.661	-39.950
9.239	-56.661	-40.958
9.240	-57.674	-40.958
9.241	-56.661	-40.958
9.242	-57.674	-40.958
9.243	-57.674	-40.958
9.244	-56.661	-40.958
9.245	-57.674	-40.958
9.246	-57.674	-40.958
9.247	-57.674	-40.958
9.248	-56.661	-41.966
9.249	-56.661	-40.958
9.250	-56.661	-41.966
9.251	-57.674	-40.958
9.252	-56.661	-40.958
9.253	-57.674	-40.958
9.254	-57.674	-40.958
9.255	-56.661	-40.958
9.256	-57.674	-40.958
9.257	-57.674	-40.958
9.258	-56.661	-40.958
9.259	-56.661	-40.958
9.260	-56.661	-40.958
9.261	-56.661	-40.958
9.262	-56.661	-40.958
9.263	-56.661	-40.958
9.264	-56.661	-39.950
9.265	-57.674	-40.958
9.266	-56.661	-40.958
9.267	-56.661	-40.958
9.268	-56.661	-40.958
9.269	-56.661	-40.958
9.270	-56.661	-40.958
9.271	-56.661	-40.958
9.272	-56.661	-40.958
9.273	-56.661	-40.958
9.274	-57.674	-40.958
9.275	-56.661	-40.958
9.276	-56.661	-40.958
9.277	-56.661	-40.958
9.278	-56.661	-40.958
9.279	-56.661	-40.958
9.280	-56.661	-39.950
9.281	-56.661	-40.958
9.282	-56.661	-40.958
9.283	-56.661	-40.958
9.284	-56.661	-40.958
9.285	-56.661	-40.958
9.286	-56.661	-40.958
9.287	-56.661	-40.958
9.288	-56.661	-40.958
9.289	-55.647	-40.958
9.290	-56.661	-38.942
9.291	-56.661	-40.958
9.292	-56.661	-40.958
9.293	-56.661	-40.958
9.294	-56.661	-40.958
9.295	-56.661	-40.958
9.296	-56.661	-40.958
9.297	-56.661	-40.958
9.298	-55.647	-40.958
9.299	-56.661	-40.958
9.300	-56.661	-40.958
9.301	-55.647	-40.958
9.302	-56.661	-39.950
9.303	-56.661	-40.958
9.304	-56.661	-40.958
9.305	-55.647	-39.950
9.306	-56.661	-40.958
9.307	-56.661	-39.950
9.308	-56.661	-40.958
9.309	-56.661	-40.958
9.310	-56.661	-39.950
9.311	-56.661	-40.958
9.312	-56.661	-40.958
9.313	-56.661	-40.958
9.314	-56.661	-40.958
9.315	-56.661	-40.958
9.316	-56.661	-40.958
9.317	-56.661	-40.958
9.318	-56.661	-40.958
9.319	-56.661	-40.958
9.320	-55.647	-40.958
9.321	-56.661	-40.958
9.322	-56.661	-40.958
9.323	-56.661	-40.958
9.324	-56.661	-40.958
9.325	-56.661	-40.958
9.326	-56.661	-40.958
9.327	-56.661	-40.958
9.328	-56.661	-40.958
9.329	-56.661	-40.958
9.330	-56.661	-40.958
9.331	-56.661	-40.958
9.332	-56.661	-40.958
9.333	-56.661	-40.958
9.334	-56.661	-40.958
9.335	-56.661	-40.958
9.336	-57.674	-40.958
9.337	-56.661	-40.958
9.338	-56.661	-40.958
9.339	-55.647	-40.958
9.340	-56.661	-40.958
9.341	-56.661	-40.958
9.342	-56.661	-40.958
9.343	-57.674	-40.958
9.344	-55.647	-40.958
9.345	-56.661	-40.958
9.346	-56.661	-40.958
9.347	-56.661	-40.958
9.348	-56.661	-41.966
9.349	-56.661	-40.958
9.350	-56.661	-40.958
9.351	-56.661	-40.958
9.352	-56.661	-41.966
9.353	-57.674	-40.958
9.354	-57.674	-41.966
9.355	-56.661	-40.958
9.356	-56.661	-40.958
9.357	-57.674	-40.958
9.358	-56.661	-41.966
9.359	-56.661	-40.958
9.360	-56.661	-40.958
9.361	-56.661	-39.950
9.362	-56.661	-40.958
9.363	-57.674	-40.958
9.364	-57.674	-40.958
9.365	-56.661	-39.950
9.366	-57.674	-40.958
9.367	-56.661	-40.958
9.368	-56.661	-40.958
9.369	-56.661	-40.958
9.370	-56.661	-40.958
9.371	-56.661	-40.958
9.372	-57.674	-40.958
9.373	-56.661	-40.958
9.374	-55.647	-39.950
9.375	-56.661	-40.958
9.376	-56.661	-40.958
9.377	-56.661	-40.958
9.378	-56.661	-40.958
9.379	-57.674	-40.958
9.380	-56.661	-40.958
9.381	-57.674	-39.950
9.382	-56.661	-40.958
9.383	-56.661	-39.950
9.384	-57.674	-39.950
9.385	-57.674	-39.950
9.386	-56.661	-39.950
9.387	-57.674	-39.950
9.388	-57.674	-41.966
9.389	-57.674	-39.950
9.390	-57.674	-39.950
9.391	-57.674	-39.950
9.392	-57.674	-38.942
9.393	-57.674	-39.950
9.394	-57.674	-39.950
9.395	-57.674	-39.950
9.396	-57.674	-39.950
9.397	-57.674	-39.950
9.398	-57.674	-39.950
9.399	-57.674	-39.950
9.400	-57.674	-39.950
9.401	-57.674	-39.950
9.402	-57.674	-39.950
9.403	-57.674	-39.950
9.404	-58.688	-39.950
9.405	-57.674	-39.950
9.406	-58.688	-39.950
9.407	-57.674	-39.950
9.408	-57.674	-39.950
9.409	-57.674	-39.950
9.410	-57.674	-37.934
9.411	-58.688	-39.950
9.412	-57.674	-38.942
9.413	-57.674	-38.942
9.414	-57.674	-38.942
9.415	-57.674	-38.942
9.416	-57.674	-38.942
9.417	-56.661	-38.942
9.418	-57.674	-38.942
9.419	-57.674	-38.942
9.420	-57.674	-39.950
9.421	-57.674	-39.950
9.422	-57.674	-38.942
9.423	-57.674	-39.950
9.424	-57.674	-38.942
9.425	-57.674	-39.950
9.426	-57.674	-38.942
9.427	-57.674	-38.942
9.428	-57.674	-38.942
9.429	-57.674	-38.942
9.430	-57.674	-39.950
9.431	-57.674	-39.950
9.432	-58.688	-37.934
9.433	-57.674	-38.942
9.434	-58.688	-38.942
9.435	-57.674	-38.942
9.436	-57.674	-37.934
9.437	-57.674	-38.942
9.438	-57.674	-38.942
9.439	-57.674	-39.950
9.440	-57.674	-37.934
9.441	-57.674	-39.950
9.442	-57.674	-38.942
9.443	-57.674	-38.942
9.444	-57.674	-37.934
9.445	-57.674	-38.942
9.446	-57.674	-38.942
9.447	-57.674	-38.942
9.448	-57.674	-39.950
9.449	-57.674	-38.942
9.450	-57.674	-38.942
9.451	-57.674	-39.950
9.452	-57.674	-38.942
9.453	-57.674	-38.942
9.454	-56.661	-38.942
9.455	-57.674	-39.950
9.456	-57.674	-39.950
9.457	-57.674	-38.942
9.458	-57.674	-38.942
9.459	-57.674	-38.942
9.460	-57.674	-39.950
9.461	-57.674	-39.950
9.462	-57.674	-38.942
9.463	-57.674	-39.950
9.464	-57.674	-37.934
9.465	-57.674	-39.950
9.466	-57.674	-39.950
9.467	-57.674	-39.950
9.468	-57.674	-39.950
9.469	-57.674	-39.950
9.470	-57.674	-38.942
9.471	-56.661	-39.950
9.472	-57.674	-39.950
9.473	-57.674	-39.950
9.474	-57.674	-39.950
9.475	-57.674	-39.950
9.476	-57.674	-39.950
9.477	-57.674	-39.950
9.478	-57.674	-39.950
9.479	-57.674	-39.950
9.480	-57.674	-39.950
9.481	-57.674	-39.950
9.482	-57.674	-39.950
9.483	-57.674	-39.950
9.484	-56.661	-41.966
9.485	-57.674	-39.950
9.486	-57.674	-39.950
9.487	-57.674	-39.950
9.488	-58.688	-39.950
9.489	-57.674	-39.950
9.490	-57.674	-39.950
9.491	-57.674	-38.942
9.492	-58.688	-39.950
9.493	-58.688	-39.950
9.494	-57.674	-40.958
9.495	-58.688	-39.950
9.496	-58.688	-39.950
9.497	-57.674	-39.950
9.498	-57.674	-40.958
9.499	-57.674	-39.950
9.500	-57.674	-39.950
9.501	-58.688	-40.958
9.502	-58.688	-39.950
9.503	-58.688	-39.950
9.504	-58.688	-39.950
9.505	-58.688	-40.958
9.506	-58.688	-40.958
9.507	-58.688	-39.950
9.508	-58.688	-40.958
9.509	-58.688	-40.958
9.510	-58.688	-40.958
9.511	-58.688	-40.958
9.512	-58.688	-39.950
9.513	-58.688	-39.950
9.514	-58.688	-40.958
9.515	-58.688	-40.958
9.516	-58.688	-40.958
9.517	-59.702	-40.958
9.518	-58.688	-40.958
9.519	-58.688	-40.958
9.520	-59.702	-40.958
9.521	-58.688	-40.958
9.522	-59.702	-40.958
9.523	-58.688	-40.958
9.524	-60.715	-40.958
9.525	-59.702	-40.958
9.526	-59.702	-40.958
9.527	-58.688	-41.966
9.528	-59.702	-41.966
9.529	-59.702	-40.958
9.530	-58.688	-40.958
9.531	-58.688	-40.958
9.532	-58.688	-41.966
9.533	-59.702	-40.958
9.534	-58.688	-40.958
9.535	-59.702	-41.966
9.536	-59.702	-41.966
9.537	-58.688	-41.966
9.538	-58.688	-41.966
9.539	-59.702	-41.966
9.540	-59.702	-41.966
9.541	-59.702	-41.966
9.542	-59.702	-41.966
9.543	-59.702	-41.966
9.544	-59.702	-41.966
9.545	-59.702	-41.966
9.546	-59.702	-41.966
9.547	-58.688	-42.974
9.548	-58.688	-42.974
9.549	-58.688	-41.966
9.550	-58.688	-41.966
9.551	-59.702	-41.966
9.552	-58.688	-41.966
9.553	-58.688	-41.966
9.554	-59.702	-41.966
9.555	-59.702	-41.966
9.556	-58.688	-41.966
9.557	-58.688	-42.974
9.558	-59.702	-41.966
9.559	-58.688	-41.966
9.560	-58.688	-42.974
9.561	-58.688	-42.974
9.562	-58.688	-42.974
9.563	-58.688	-42.974
9.564	-58.688	-42.974
9.565	-58.688	-42.974
9.566	-58.688	-42.974
9.567	-58.688	-42.974
9.568	-58.688	-42.974
9.569	-58.688	-42.974
9.570	-58.688	-41.966
9.571	-58.688	-42.974
9.572	-58.688	-42.974
9.573	-58.688	-42.974
9.574	-57.674	-42.974
9.575	-58.688	-42.974
9.576	-57.674	-41.966
9.577	-58.688	-42.974
9.578	-58.688	-42.974
9.579	-58.688	-42.974
9.580	-58.688	-42.974
9.581	-58.688	-42.974
9.582	-58.688	-42.974
9.583	-58.688	-42.974
9.584	-58.688	-42.974
9.585	-58.688	-41.966
9.586	-58.688	-42.974
9.587	-58.688	-42.974
9.588	-58.688	-42.974
9.589	-58.688	-42.974
9.590	-58.688	-42.974
9.591	-58.688	-42.974
9.592	-58.688	-42.974
9.593	-58.688	-42.974
9.594	-57.674	-43.982
9.595	-58.688	-42.974
9.596	-58.688	-41.966
9.597	-57.674	-42.974
9.598	-58.688	-42.974
9.599	-58.688	-42.974
9.600	-57.674	-42.974
9.601	-58.688	-42.974
9.602	-58.688	-42.974
9.603	-57.674	-42.974
9.604	-58.688	-42.974
9.605	-58.688	-43.982
9.606	-58.688	-42.974
9.607	-58.688	-41.966
9.608	-58.688	-42.974
9.609	-58.688	-42.974
9.610	-58.688	-43.982
9.611	-58.688	-42.974
9.612	-57.674	-42.974
9.613	-58.688	-42.974
9.614	-58.688	-41.966
9.615	-58.688	-41.966
9.616	-57.674	-41.966
9.617	-58.688	-42.974
9.618	-58.688	-42.974
9.619	-58.688	-41.966
9.620	-58.688	-43.982
9.621	-58.688	-42.974
9.622	-58.688	-41.966
9.623	-58.688	-42.974
9.624	-57.674	-43.982
9.625	-58.688	-41.966
9.626	-58.688	-42.974
9.627	-58.688	-41.966
9.628	-58.688	-42.974
9.629	-59.702	-42.974
9.630	-58.688	-43.982
9.631	-59.702	-42.974
9.632	-58.688	-42.974
9.633	-58.688	-42.974
9.634	-59.702	-41.966
9.635	-59.702	-42.974
9.636	-58.688	-42.974
9.637	-58.688	-42.974
9.638	-58.688	-42.974
9.639	-58.688	-42.974
9.640	-59.702	-43.982
9.641	-59.702	-42.974
9.642	-58.688	-42.974
9.643	-58.688	-42.974
9.644	-58.688	-43.982
9.645	-59.702	-41.966
9.646	-58.688	-42.974
9.647	-59.702	-43.982
9.648	-58.688	-43.982
9.649	-58.688	-42.974
9.650	-58.688	-42.974
9.651	-58.688	-42.974
9.652	-58.688	-42.974
9.653	-59.702	-42.974
9.654	-58.688	-42.974
9.655	-58.688	-42.974
9.656	-58.688	-42.974
9.657	-58.688	-42.974
9.658	-58.688	-42.974
9.659	-58.688	-42.974
9.660	-59.702	-42.974
9.661	-58.688	-43.982
9.662	-58.688	-42.974
9.663	-58.688	-42.974
9.664	-59.702	-42.974
9.665	-58.688	-42.974
9.666	-58.688	-43.982
9.667	-58.688	-42.974
9.668	-58.688	-43.982
9.669	-58.688	-42.974
9.670	-58.688	-42.974
9.671	-58.688	-43.982
9.672	-58.688	-42.974
9.673	-59.702	-42.974
9.674	-58.688	-42.974
9.675	-58.688	-42.974
9.676	-58.688	-42.974
9.677	-58.688	-42.974
9.678	-58.688	-42.974
9.679	-58.688	-42.974
9.680	-58.688	-42.974
9.681	-58.688	-42.974
9.682	-58.688	-41.966
9.683	-58.688	-42.974
9.684	-57.674	-42.974
9.685	-57.674	-42.974
9.686	-58.688	-43.982
9.687	-58.688	-42.974
9.688	-57.674	-42.974
9.689	-58.688	-42.974
9.690	-57.674	-42.974
9.691	-58.688	-42.974
9.692	-58.688	-42.974
9.693	-58.688	-42.974
9.694	-57.674	-43.982
9.695	-57.674	-43.982
9.696	-58.688	-42.974
9.697	-58.688	-41.966
9.698	-58.688	-40.958
9.699	-58.688	-41.966
9.700	-57.674	-42.974
9.701	-58.688	-42.974
9.702	-58.688	-42.974
9.703	-57.674	-42.974
9.704	-58.688	-43.982
9.705	-57.674	-42.974
9.706	-57.674	-41.966
9.707	-57.674	-41.966
9.708	-58.688	-42.974
9.709	-58.688	-42.974
9.710	-57.674	-42.974
9.711	-58.688	-42.974
9.712	-57.674	-41.966
9.713	-57.674	-42.974
9.714	-57.674	-41.966
9.715	-57.674	-41.966
9.716	-57.674	-41.966
9.717	-57.674	-42.974
9.718	-58.688	-42.974
9.719	-58.688	-42.974
9.720	-57.674	-42.974
9.721	-57.674	-42.974
9.722	-57.674	-41.966
9.723	-57.674	-42.974
9.724	-57.674	-42.974
9.725	-57.674	-42.974
9.726	-57.674	-42.974
9.727	-57.674	-42.974
9.728	-57.674	-41.966
9.729	-57.674	-41.966
9.730	-57.674	-41.966
9.731	-58.688	-42.974
9.732	-57.674	-42.974
9.733	-57.674	-41.966
9.734	-57.674	-42.974
9.735	-57.674	-41.966
9.736	-57.674	-42.974
9.737	-57.674	-42.974
9.738	-57.674	-42.974
9.739	-57.674	-42.974
9.740	-58.688	-42.974
9.741	-57.674	-41.966
9.742	-57.674	-41.966
9.743	-57.674	-42.974
9.744	-57.674	-42.974
9.745	-56.661	-42.974
9.746	-57.674	-42.974
9.747	-57.674	-42.974
9.748	-56.661	-42.974
9.749	-57.674	-42.974
9.750	-57.674	-42.974
9.751	-57.674	-42.974
9.752	-57.674	-42.974
9.753	-57.674	-42.974
9.754	-57.674	-42.974
9.755	-57.674	-42.974
9.756	-57.674	-42.974
9.757	-57.674	-42.974
9.758	-57.674	-42.974
9.759	-57.674	-42.974
9.760	-56.661	-42.974
9.761	-57.674	-43.982
9.762	-56.661	-42.974
9.763	-57.674	-42.974
9.764	-57.674	-42.974
9.765	-57.674	-42.974
9.766	-57.674	-42.974
9.767	-57.674	-43.982
9.768	-56.661	-43.982
9.769	-57.674	-42.974
9.770	-57.674	-43.982
9.771	-56.661	-43.982
9.772	-56.661	-42.974
9.773	-57.674	-42.974
9.774	-57.674	-43.982
9.775	-57.674	-42.974
9.776	-57.674	-43.982
9.777	-56.661	-43.982
9.778	-57.674	-42.974
9.779	-56.661	-42.974
9.780	-57.674	-43.982
9.781	-56.661	-43.982
9.782	-57.674	-43.982
9.783	-57.674	-43.982
9.784	-57.674	-43.982
9.785	-57.674	-42.974
9.786	-56.661	-43.982
9.787	-56.661	-42.974
9.788	-56.661	-42.974
9.789	-56.661	-42.974
9.790	-56.661	-43.982
9.791	-56.661	-43.982
9.792	-56.661	-43.982
9.793	-56.661	-43.982
9.794	-57.674	-41.966
9.795	-56.661	-43.982
9.796	-56.661	-43.982
9.797	-57.674	-43.982
9.798	-56.661	-43.982
9.799	-56.661	-43.982
9.800	-56.661	-43.982
9.801	-57.674	-43.982
9.802	-56.661	-42.974
9.803	-56.661	-43.982
9.804	-57.674	-43.982
9.805	-56.661	-42.974
9.806	-56.661	-42.974
9.807	-56.661	-42.974
9.808	-56.661	-43.982
9.809	-56.661	-43.982
9.810	-56.661	-43.982
9.811	-56.661	-43.982
9.812	-57.674	-43.982
9.813	-56.661	-43.982
9.814	-55.647	-43.982
9.815	-56.661	-43.982
9.816	-56.661	-43.982
9.817	-56.661	-43.982
9.818	-56.661	-43.982
9.819	-56.661	-43.982
9.820	-56.661	-43.982
9.821	-56.661	-43.982
9.822	-56.661	-43.982
9.823	-56.661	-43.982
9.824	-55.647	-43.982
9.825	-56.661	-43.982
9.826	-56.661	-43.982
9.827	-56.661	-43.982
9.828	-56.661	-43.982
9.829	-56.661	-43.982
9.830	-56.661	-43.982
9.831	-56.661	-43.982
9.832	-55.647	-43.982
9.833	-56.661	-43.982
9.834	-55.647	-43.982
9.835	-56.661	-43.982
9.836	-55.647	-44.990
9.837	-56.661	-43.982
9.838	-55.647	-43.982
9.839	-56.661	-44.990
9.840	-56.661	-44.990
9.841	-55.647	-43.982
9.842	-56.661	-45.999
9.843	-56.661	-43.982
9.844	-55.647	-43.982
9.845	-55.647	-44.990
9.846	-56.661	-44.990
9.847	-56.661	-43.982
9.848	-56.661	-43.982
9.849	-56.661	-44.990
9.850	-56.661	-43.982
9.851	-56.661	-43.982
9.852	-56.661	-43.982
9.853	-56.661	-44.990
9.854	-56.661	-43.982
9.855	-56.661	-43.982
9.856	-56.661	-44.990
9.857	-55.647	-44.990
9.858	-55.647	-44.990
9.859	-56.661	-43.982
9.860	-55.647	-44.990
9.861	-56.661	-43.982
9.862	-55.647	-44.990
9.863	-55.647	-44.990
9.864	-55.647	-44.990
9.865	-55.647	-43.982
9.866	-56.661	-43.982
9.867	-55.647	-43.982
9.868	-55.647	-43.982
9.869	-55.647	-43.982
9.870	-56.661	-44.990
9.871	-55.647	-43.982
9.872	-55.647	-43.982
9.873	-56.661	-44.990
9.874	-56.661	-44.990
9.875	-56.661	-44.990
9.876	-55.647	-44.990
9.877	-55.647	-43.982
9.878	-56.661	-44.990
9.879	-56.661	-44.990
9.880	-56.661	-44.990
9.881	-56.661	-44.990
9.882	-55.647	-44.990
9.883	-56.661	-44.990
9.884	-56.661	-43.982
9.885	-54.633	-45.999
9.886	-56.661	-44.990
9.887	-55.647	-44.990
9.888	-55.647	-44.990
9.889	-55.647	-44.990
9.890	-55.647	-44.990
9.891	-55.647	-44.990
9.892	-55.647	-44.990
9.893	-56.661	-44.990
9.894	-56.661	-44.990
9.895	-55.647	-45.999
9.896	-55.647	-44.990
9.897	-55.647	-44.990
9.898	-55.647	-44.990
9.899	-56.661	-44.990
9.900	-55.647	-45.999
9.901	-55.647	-44.990
9.902	-56.661	-45.999
9.903	-56.661	-44.990
9.904	-56.661	-45.999
9.905	-56.661	-44.990
9.906	-56.661	-44.990
9.907	-55.647	-44.990
9.908	-56.661	-45.999
9.909	-56.661	-45.999
9.910	-56.661	-44.990
9.911	-56.661	-44.990
9.912	-55.647	-45.999
9.913	-55.647	-43.982
9.914	-56.661	-44.990
9.915	-56.661	-45.999
9.916	-56.661	-44.990
9.917	-56.661	-45.999
9.918	-55.647	-45.999
9.919	-56.661	-45.999
9.920	-56.661	-45.999
9.921	-56.661	-45.999
9.922	-55.647	-44.990
9.923	-55.647	-44.990
9.924	-55.647	-44.990
9.925	-55.647	-44.990
9.926	-56.661	-45.999
9.927	-55.647	-45.999
9.928	-55.647	-47.007
9.929	-55.647	-45.999
9.930	-55.647	-45.999
9.931	-55.647	-44.990
9.932	-55.647	-44.990
9.933	-56.661	-44.990
9.934	-55.647	-44.990
9.935	-56.661	-45.999
9.936	-56.661	-45.999
9.937	-55.647	-44.990
9.938	-56.661	-44.990
9.939	-55.647	-44.990
9.940	-55.647	-44.990
9.941	-55.647	-44.990
9.942	-55.647	-45.999
9.943	-55.647	-45.999
9.944	-55.647	-45.999
9.945	-56.661	-45.999
9.946	-55.647	-45.999
9.947	-55.647	-44.990
9.948	-55.647	-45.999
9.949	-55.647	-45.999
9.950	-55.647	-45.999
9.951	-55.647	-45.999
9.952	-55.647	-45.999
9.953	-55.647	-45.999
9.954	-56.661	-45.999
9.955	-56.661	-45.999
9.956	-56.661	-47.007
9.957	-55.647	-47.007
9.958	-56.661	-45.999
9.959	-56.661	-47.007
9.960	-55.647	-45.999
9.961	-55.647	-47.007
9.962	-55.647	-47.007
9.963	-55.647	-47.007
9.964	-55.647	-45.999
9.965	-56.661	-47.007
9.966	-55.647	-44.990
9.967	-56.661	-47.007
9.968	-55.647	-47.007
9.969	-55.647	-45.999
9.970	-55.647	-45.999
9.971	-55.647	-48.015
9.972	-55.647	-47.007
9.973	-55.647	-45.999
9.974	-56.661	-47.007
9.975	-55.647	-45.999
9.976	-55.647	-45.999
9.977	-55.647	-45.999
9.978	-55.647	-47.007
9.979	-55.647	-47.007
9.980	-55.647	-45.999
9.981	-55.647	-48.015
9.982	-55.647	-47.007
9.983	-55.647	-45.999
9.984	-55.647	-45.999
9.985	-55.647	-45.999
9.986	-55.647	-47.007
9.987	-55.647	-45.999
9.988	-55.647	-47.007
9.989	-56.661	-47.007
9.990	-56.661	-45.999
9.991	-55.647	-45.999
9.992	-56.661	-45.999
9.993	-55.647	-47.007
9.994	-55.647	-44.990
9.995	-56.661	-47.007
9.996	-55.647	-47.007
9.997	-55.647	-45.999
9.998	-55.647	-45.999
9.999	-55.647	-47.007
10.000	-56.661	-45.999
